4.077036714309926
3.5032486098501687
3.141947265171334
2.788599306969996
2.423628752188914
2.1115137634374905
1.8862003728251933
1.6842195679769492
1.536109793216676
1.4183010771451399
1.3146949293058547
1.218676642688644
1.140606308227305
1.0629497764970335
1.004846747269106
0.9445611282687663
0.8814251831425425
0.84172895665059
0.7763931384629301
0.7431095253933421
0.6993958908883507
0.6669323532782552
0.6311214153114182
0.6003229379501489
0.565928055730927
0.5215968988892977
0.5024488469218964
0.4748823427788132
0.4513349373779638
0.4307278897756201
0.40965352525643983
0.39240062602645603
0.37067453555591273
0.34595107338617526
0.3321138032714424
0.3290148449828253
0.3020013273524506
0.28557009268980804
0.2796152187201678
0.266223238061761
0.2648181674044455
0.25470827500838455
0.24576131481191385
0.22992732198646917
0.21614590243381612
0.22229181580683766
0.2190745713194008
0.20459673778556497
0.1978667756671186
0.20584779604316672
0.187588695084195
0.1765380574347418
0.18775834421367596
0.17864712729783314
0.17352725325338067
0.18254143380752916
0.168735894076812
0.17182610787051109
0.1711108420815919
0.16644320558861395
0.16933458142192162
0.16668136294006997
0.16706888175681425
0.16737421917374176
0.1658861160926197
0.16355162254913383
0.16720176975974035
0.1596889393904325
0.15483309662021943
0.17401107345395686
0.15506926721052441
0.1572331842654349
0.17037558533689556
0.14229019958039987
0.155438706135887
0.16542387313550086
0.16090720710928177
0.16163460981777256
0.1578196193784704
0.14438860701478046
0.14806819046892777
0.14442110072125863
0.16385555330216123
0.14572948562290966
0.13889141664709276
0.14961982494615533
0.1609968036946738
0.14993745540185352
0.14889769086523738
0.15010199962598283
0.14813690997488663
0.1387702386607142
0.1384203589576132
0.14111558491807155
0.13446372512089627
0.14831349831979598
0.1510212502497084
0.12957519140389875
0.13347533315686924
0.14425373630945945
0.0525560898091787
0.02587251688527596
0.02012855710004411
0.017081102964889898
0.015377490469218824
0.01349818223344205
0.011901424344405151
0.011417790435140242
0.010480798576670268
0.010008765494122225
0.01020522626019214
0.00939146938133518
0.009071931971803955
0.00889900835859768
0.008116515470035088
0.008185800369185826
0.008358097427388859
0.008069990917949764
0.00796934855265824
0.007656391421833155
0.007350419759940918
0.007278354494306056
0.006979806357018097
0.007461132223555899
0.0065584897743704755
0.006933609461364195
0.0070058695639690855
0.007013992153946548
0.006912297442379167
0.006931605251610774
0.006772737557073231
0.006584519164903504
0.006667444029884875
0.006595084104863236
0.006825385094189164
0.0069087647810302045
0.0066928650351369854
0.0065144396874139
0.006392711242946708
0.00654809156735249
0.006488456405089487
0.007027425863387068
0.0066646136572141475
0.006729988883847318
0.006539434653675884
0.006500423336854143
0.006781593397440736
0.006661966194153365
0.0064689263342963075
0.00661382267056295
