7.704
15.592
22.45
29.189999999999998
36.042
43.124
48.092
52.596
56.467999999999996
59.126
62.192
64.384
66.55799999999999
68.486
69.904
71.402
73.334
74.48
76.226
77.196
78.36
79.288
80.33
81.294
82.318
83.568
84.244
85.056
85.724
86.24000000000001
87.032
87.41600000000001
88.256
89.12
89.534
89.582
90.632
91.01599999999999
91.238
91.642
91.706
92.08
92.202
92.894
93.496
93.184
93.286
93.766
94.08
93.606
94.342
94.69999999999999
94.266
94.64
94.82000000000001
94.492
94.974
94.902
94.93599999999999
95.072
95.05799999999999
95.092
95.086
95.054
95.078
95.19999999999999
95.06599999999999
95.376
95.56
94.906
95.406
95.376
95.03399999999999
95.916
95.514
95.262
95.39800000000001
95.334
95.538
95.946
95.78
95.84
95.22800000000001
95.846
96.02199999999999
95.762
95.408
95.69800000000001
95.758
95.776
95.68799999999999
96.138
96.062
95.93599999999999
96.188
95.85000000000001
95.738
96.432
96.234
95.946
98.856
99.57000000000001
99.744
99.78
99.802
99.846
99.888
99.878
99.914
99.91600000000001
99.894
99.908
99.92
99.928
99.944
99.94
99.934
99.92999999999999
99.928
99.936
99.94800000000001
99.94800000000001
99.936
99.942
99.954
99.95
99.958
99.95
99.956
99.96199999999999
99.96199999999999
99.964
99.956
99.96000000000001
99.954
99.942
99.94800000000001
99.968
99.97
99.964
99.968
99.952
99.946
99.952
99.964
99.964
99.96000000000001
99.96199999999999
99.968
99.95
