7.526
16.12
23.318
29.456
35.352
41.268
46.158
50.23
53.638
56.322
58.03
60.821999999999996
63.06
64.79599999999999
66.66
68.204
69.258
71.25399999999999
72.028
73.14
74.888
75.71799999999999
76.646
77.936
78.64999999999999
79.826
80.856
81.58800000000001
82.494
83.28
83.926
84.73
84.966
85.244
86.558
87.002
87.57000000000001
87.856
88.396
88.854
89.132
89.62599999999999
89.776
90.132
90.206
90.826
90.864
90.912
90.364
91.51
91.622
91.486
91.622
91.85799999999999
92.308
92.67800000000001
92.512
92.192
92.638
92.764
92.93
92.964
92.762
92.648
93.426
93.17999999999999
93.45599999999999
93.21000000000001
93.17999999999999
93.382
93.426
93.42
93.62
93.682
93.42399999999999
93.49199999999999
93.926
93.664
93.714
94.04599999999999
94.15
93.806
94.194
94.35
93.696
93.708
94.22
94.292
94.08
93.592
93.754
94.206
94.628
93.876
94.27
93.95599999999999
94.294
94.556
94.336
94.562
98.176
99.336
99.53
99.68599999999999
99.752
99.772
99.79400000000001
99.816
99.854
99.87
99.85000000000001
99.884
99.886
99.912
99.912
99.90400000000001
99.928
99.91
99.894
99.91799999999999
99.926
99.92999999999999
99.936
99.934
99.926
99.942
99.942
99.942
99.946
99.938
99.954
99.952
99.932
99.938
99.946
99.94800000000001
99.958
99.946
99.94800000000001
99.942
99.942
99.934
99.946
99.94
99.942
99.934
99.94800000000001
99.936
99.94800000000001
99.95
