4.13044664144516
3.4776120433807374
3.0885131907463075
2.7706607136726378
2.468997890472412
2.184936310768127
1.9763610305786132
1.7936118409633637
1.6560247876644134
1.541304543018341
1.4733948602676392
1.3531191308498383
1.2695910964012147
1.1926356338262558
1.1286006416082381
1.0706273698806763
1.0259469295740127
0.9537577830553055
0.9194967428445816
0.8737416174411774
0.8198445388674735
0.791032943367958
0.7545821211338043
0.7091667450070381
0.6828799621462822
0.6446441631913186
0.6119286885261536
0.5871318488121032
0.5569571194052696
0.5314401087760925
0.5106709443926811
0.4822891812026501
0.47195560348033905
0.46281852942705154
0.42432749971747397
0.4132567268908024
0.39316099375486374
0.3821674989759922
0.36731049737334254
0.3492780829668045
0.3472311245203018
0.33024644538760184
0.32375681257247924
0.3163675231039524
0.3095699157416821
0.2951441103965044
0.2913088967204094
0.2861182076931
0.3051862697899342
0.27202149473130705
0.26995053397119045
0.2749861229360104
0.27088712334632875
0.25970677299797534
0.24897047749161721
0.2404518955796957
0.24368455344438553
0.252958307787776
0.2441238079071045
0.23791066689789295
0.23018696980178358
0.2318680654615164
0.23485384719073774
0.23670421542227268
0.2198346145004034
0.22566839356720447
0.2174641062915325
0.22290110264718532
0.2233905485421419
0.21851884573698044
0.21733113105595112
0.21666236336529254
0.21026367557048797
0.2117618984133005
0.21669551068544388
0.2150430700480938
0.20283607072383164
0.21206579825282096
0.2062085933238268
0.20005815729498863
0.19597334314882756
0.2105725099146366
0.19549751049280167
0.18694127000123262
0.21378062288463115
0.2084399927780032
0.19444057382643223
0.19342666456848384
0.1937774174809456
0.2087419713884592
0.2078446266502142
0.19527265122532844
0.17954851236939431
0.2036317387521267
0.19191690339893103
0.20043347230553626
0.1945476044714451
0.1831157711520791
0.1922394026219845
0.18359197202324867
0.0735992369391024
0.035080623960122466
0.025709338255226612
0.021958336275070905
0.01854121677670628
0.017123518221545963
0.01639024614635855
0.014073754666373133
0.013346247456036507
0.012605826068669558
0.012165804567746819
0.011364286761265248
0.010578201354015618
0.010439456457272171
0.010060573161579668
0.00979627418378368
0.008941662238910793
0.009218635268509388
0.009567363108508288
0.009118689324241131
0.008855530195403844
0.008321961944922804
0.008591866485308856
0.008346677855588496
0.008170008248183876
0.007963083892129361
0.007785993044264614
0.007506960390135646
0.007616574545856565
0.007684906683862209
0.0076787368715740744
0.007454635246191174
0.007501435888931155
0.007620355903171003
0.0075900530838407575
0.007474613670725375
0.007403958444949239
0.007561297864187509
0.007516106258379295
0.007643384519033134
0.007420935299480334
0.00749563043192029
0.007449579074513167
0.007493909443030134
0.007422200648579747
0.007800129347248003
0.007447787527926266
0.007254221372306347
0.007447705424390733
0.007557575811631977
