4.115663224778822
3.5063895618214325
3.141241773619981
2.8042328016227467
2.477165852666206
2.1921030029921273
1.9621115675972551
1.7678094751694624
1.6161340932407038
1.4840098543240285
1.3738519863399399
1.2836751306758207
1.1967275183828896
1.1172832660662853
1.0508313192735852
0.9995304477184325
0.9365154657217548
0.894088872100996
0.8405866680852593
0.7812434027109609
0.7467989806476456
0.7111212245338713
0.6591853039801273
0.6392391474960405
0.5990324951803593
0.5606588978901543
0.5330202699164905
0.5089558060364345
0.48240041709921855
0.4534523330076271
0.4484146904686223
0.4239850147148532
0.40183745457998016
0.3833841792381633
0.35621529966211685
0.3531367287535192
0.3346300218873622
0.32423968540738
0.3141800280079207
0.3012347688988956
0.2845529679523405
0.27788288788417415
0.26482435115767866
0.2640896531779443
0.2563833954465359
0.2391367095815556
0.2376225879010947
0.22024313493839007
0.2339642815044164
0.2303013990221121
0.21495474958816146
0.2038498080866721
0.20539083918723303
0.2102682900131511
0.20198764575793005
0.2019319935032474
0.1988208059154813
0.1807456435564229
0.196324647368525
0.1887200829546775
0.20150809369200026
0.1902767198012613
0.19990487871191387
0.17769049777818458
0.16330926387053926
0.16358634863820526
0.17990540394850094
0.18803191711873654
0.18915534758811717
0.19015790194349216
0.1805461647031862
0.1770388886637395
0.1896799866424497
0.16697217672682174
0.17138676816964393
0.1737930458467787
0.17538584422920367
0.18154427542558413
0.17912011168649433
0.18004408734076469
0.18802076671510706
0.17548518761268359
0.16838492744642755
0.1585772488161426
0.16764863721473747
0.18141656931099073
0.1626615550588159
0.15625528640606823
0.1545296565860586
0.16702318061953006
0.16736790062407095
0.17476267218018127
0.16018088623081023
0.18064927170648598
0.16231686267477777
0.1637691019479271
0.15308071358505723
0.1617306429902306
0.16575839094188818
0.1612337836447884
0.06306464085950876
0.03117457105208884
0.023549644824336555
0.019412756885599604
0.01716142092995784
0.015892619470758436
0.01465443448375558
0.013292890608958576
0.01283362308216979
0.01167236980053184
0.0114147985304046
0.010910958615596147
0.010120078822469238
0.010069747552480501
0.010188687339072565
0.009236626472333661
0.009673624574575964
0.009452102328305277
0.008648558906243775
0.008981467661140559
0.008304081499919562
0.008246391390562248
0.00857022249549532
0.008132961710862568
0.008000826060562335
0.00790516192318581
0.007715539383294675
0.007550455890643551
0.007769444570316911
0.0076458767631693795
0.007438163187883585
0.0073957946306318426
0.0075851123020186295
0.007487911480309827
0.007383989573330106
0.007545018983680917
0.007145294057362524
0.0075419127293255015
0.007097370256824643
0.007421434866478833
0.007525630188091179
0.0069160713049609334
0.007378884142769686
0.007195166432444016
0.007297146297834071
0.007178976354748964
0.007347121824631872
0.007033234038759413
0.007094305764902812
0.006974882116931898
