7.226000000000001
15.845999999999998
22.624
28.942
34.98
40.964
46.06
50.766
54.332
57.664
60.558
62.586
65.102
67.07600000000001
68.91000000000001
70.26599999999999
71.988
72.92999999999999
74.478
76.294
76.98
77.866
79.636
80.07
81.274
82.44399999999999
83.22800000000001
83.868
84.734
85.666
85.72999999999999
86.466
87.03999999999999
87.87
88.618
88.748
89.544
89.724
89.976
90.574
91.014
91.328
91.778
91.61200000000001
92.02799999999999
92.474
92.51
93.08999999999999
92.548
92.84400000000001
93.34400000000001
93.684
93.752
93.53200000000001
93.774
93.784
93.95400000000001
94.55
94.03
94.336
93.8
94.19800000000001
93.896
94.664
95.078
95.212
94.608
94.488
94.344
94.38
94.652
94.73
94.248
94.962
95.004
94.844
94.738
94.602
94.674
94.632
94.41000000000001
94.84
95.068
95.336
95.116
94.658
95.218
95.368
95.616
94.998
95.134
95.016
95.25
94.704
95.246
95.308
95.57
95.344
95.17
95.192
98.512
99.46199999999999
99.628
99.726
99.774
99.81400000000001
99.824
99.83800000000001
99.832
99.888
99.9
99.89
99.894
99.914
99.886
99.928
99.902
99.902
99.92999999999999
99.92999999999999
99.928
99.91600000000001
99.92
99.952
99.94
99.926
99.932
99.938
99.922
99.938
99.936
99.95
99.94
99.938
99.952
99.942
99.964
99.936
99.95
99.932
99.942
99.94800000000001
99.944
99.946
99.95
99.952
99.936
99.968
99.95
99.958
