7.566000000000001
14.856
20.912
26.548
32.858
39.7
44.912
49.516
53.52
56.606
59.13
61.79599999999999
63.763999999999996
65.572
67.104
68.95599999999999
70.402
71.872
73.328
74.72999999999999
75.78200000000001
76.904
78.082
78.85
79.842
80.80199999999999
81.702
82.49600000000001
83.116
84.166
84.816
85.506
86.652
86.92
87.586
87.958
88.818
88.92999999999999
89.956
89.92599999999999
90.292
91.174
91.72200000000001
91.696
92.72200000000001
92.21000000000001
92.67
93.126
93.112
93.382
93.176
94.112
94.07
93.904
94.102
94.392
94.58800000000001
94.57799999999999
94.876
94.708
94.88
94.892
94.826
95.134
95.192
95.232
94.884
95.14399999999999
95.47
95.218
95.126
95.318
95.402
95.566
95.43599999999999
94.88799999999999
95.476
95.204
95.956
95.364
95.24000000000001
95.35
95.664
95.38600000000001
95.58
95.674
95.538
96.188
95.782
95.956
96.038
95.906
96.012
96.352
96.00999999999999
95.37
95.844
95.992
95.372
96.004
98.79599999999999
99.59
99.766
99.832
99.856
99.866
99.882
99.91
99.90400000000001
99.898
99.932
99.928
99.914
99.912
99.936
99.92999999999999
99.934
99.952
99.942
99.936
99.946
99.952
99.954
99.952
99.96000000000001
99.95
99.94
99.946
99.956
99.94800000000001
99.954
99.96199999999999
99.964
99.958
99.964
99.956
99.968
99.97200000000001
99.96199999999999
99.966
99.958
99.96000000000001
99.96000000000001
99.944
99.946
99.966
99.964
99.94
99.954
99.952
