4.087681111167459
3.5603898852072713
3.2178634615505444
2.9041692588640298
2.587177293075015
2.2611875113318947
2.0086399502766406
1.8126012681390318
1.6590945748112085
1.526836497399508
1.4203553812583085
1.3191998715290938
1.2377303186280038
1.1726394474049053
1.113776610178106
1.0393736402092077
0.9857525721840237
0.9347386094920166
0.8834850300303505
0.8280234088373306
0.7916748104497905
0.7539813800541031
0.7139172015135246
0.678352303212256
0.645984000943201
0.6115542561806682
0.5815622277576905
0.5509943391965784
0.5347123489812817
0.499894069817365
0.48217878972782807
0.4584989764958696
0.4226321850515083
0.4155133993881743
0.39034978172663226
0.37474912073453676
0.35452559578906545
0.3488451568671809
0.31899707754859535
0.31309627072737956
0.307277377037441
0.28211667055211714
0.2677298530440806
0.26642447567123284
0.23971617416195248
0.2500712507406769
0.23850157331017888
0.2278996062133928
0.2230145603113467
0.2148241080210337
0.2230454497325146
0.19335816265143396
0.19710561863677886
0.19764416135104415
0.19553929973212655
0.18689768023960426
0.182370658058797
0.17936491600387847
0.1764445612993082
0.17700992593222567
0.17471666010025214
0.17390825565132645
0.17801198893038514
0.16428805525650453
0.16324450580588998
0.16111897073133521
0.17417353600301705
0.16545956350310378
0.15684590759256
0.16172377103010713
0.16746322666783162
0.16232325769293948
0.15902890520327537
0.15471197702848088
0.15570793856325968
0.1744494370906554
0.15617323368597213
0.16269109925002698
0.14302450609024223
0.1594507389932947
0.16171209543676632
0.16009117586685873
0.15138794151146698
0.158126583975523
0.1548682287849886
0.14851317589964402
0.15379769173081573
0.13476875514897238
0.14444391127399472
0.14257506999518255
0.1404147202630177
0.14415410496389774
0.1399616669682438
0.13509170482378177
0.13995175183657796
0.15801201614043903
0.1467391424586096
0.14291547895278162
0.15639657723476819
0.13862534378991104
0.05414453190763283
0.024639096789900453
0.018232271606412234
0.015261558056606547
0.01368135593764846
0.012059190398668084
0.011615411200396279
0.010434714922457552
0.010519196696179298
0.009691618799167636
0.00888925845570424
0.008648709754895447
0.008660389265269422
0.008253054862456095
0.008103259506842594
0.00792431948251565
0.0077224266399746125
0.0073137896744620125
0.007386133346296942
0.007458807964859259
0.007149242220179695
0.006832499501278714
0.0068426183448709035
0.006862587621197333
0.006411211017300101
0.006914704534894479
0.006633149637409565
0.0064590002977005815
0.006343480774208599
0.006649128476972394
0.006309248255434758
0.0062324576725340105
0.006043623670783189
0.006165853923643985
0.006101522024225472
0.006547320384622726
0.0061463991428970756
0.00632516511470613
0.006398603427902702
0.006310453156099829
0.0062876221077168915
0.0061242690856528025
0.0060818832786872865
0.006245998857433305
0.006416836526611691
0.006013868325997306
0.006121432524212562
0.006249934623060781
0.006125201128751916
0.006251216561788374
