7.88
16.096
24.294
31.78
38.808
44.26
48.472
52.11599999999999
55.118
57.60999999999999
59.534
61.95
63.646
65.742
67.338
68.756
70.15
71.3
72.34
73.86399999999999
74.886
75.88000000000001
77.12400000000001
77.90599999999999
79.22
79.548
80.57600000000001
81.308
81.848
82.74000000000001
83.416
83.828
84.58
85.642
85.868
86.85000000000001
87.166
87.55199999999999
87.91600000000001
88.564
88.986
89.228
89.61200000000001
89.786
90.286
90.508
90.816
91.546
91.51599999999999
91.768
92.05600000000001
92.032
92.596
92.85799999999999
92.644
92.956
93.014
93.30000000000001
93.56400000000001
93.014
93.58800000000001
93.65599999999999
93.398
93.732
93.78800000000001
94.216
94.272
94.018
93.78999999999999
94.16600000000001
94.082
94.37
94.58800000000001
94.67
95.086
94.55
94.448
94.538
95.002
94.676
95.098
94.406
94.884
95.33
95.06400000000001
94.976
94.864
94.754
95.206
95.366
94.94
95.078
95.23
94.972
95.242
95.148
95.02199999999999
95.32000000000001
95.518
94.88600000000001
98.328
99.29
99.548
99.668
99.69200000000001
99.736
99.788
99.812
99.82799999999999
99.836
99.83999999999999
99.82
99.864
99.886
99.888
99.866
99.892
99.902
99.908
99.908
99.89
99.91
99.92999999999999
99.926
99.946
99.94
99.924
99.942
99.936
99.928
99.946
99.934
99.934
99.92999999999999
99.928
99.956
99.944
99.946
99.942
99.924
99.932
99.92999999999999
99.94800000000001
99.938
99.94
99.94800000000001
99.944
99.942
99.926
99.932
