4.0276288443514145
3.4648056670527936
3.0253591055760296
2.6218268932283992
2.2833805535455496
2.043131294152926
1.8651818637652775
1.712163476382985
1.589166447329704
1.488397061672357
1.4048662560675151
1.3205286616559528
1.2473633007320297
1.1729692261847084
1.1148766504834071
1.0596667299490146
1.0127654462824087
0.9640474590803961
0.9218570632702859
0.8777442047053285
0.836612159486317
0.7984768211689142
0.7561395939658669
0.7251889437360837
0.6899848025473182
0.6687720029250436
0.6352980659745843
0.6099280163912517
0.5867645224494398
0.5587135345277274
0.5380661067602884
0.5182366401643095
0.49501976927223107
0.46220411249743704
0.4529047577125032
0.4235804673198544
0.41291904521872624
0.3974586961519383
0.38735211086090265
0.36289296438322044
0.35585755060243485
0.34187065491743407
0.3327547980620123
0.3284499539667383
0.30964249604955657
0.3047125177538913
0.29225833245250576
0.27435967528149297
0.27490517409408793
0.2616507016560611
0.2542425020576438
0.2557903286784201
0.23948897423265536
0.23431328722201955
0.2400168373113703
0.23022849901634104
0.22870704474504036
0.22124269757124468
0.2120413844428404
0.22696257056787494
0.21255675325994297
0.20560121208505558
0.21667175484663995
0.20847450419688773
0.20402742222980466
0.19405665616397663
0.19139618522790083
0.19800455380431223
0.20886008694882283
0.1968509020555355
0.19674425832260295
0.189959809736675
0.18296935226377622
0.18028849908305555
0.1672142206326775
0.18520897756452145
0.18935609494557465
0.18583295336159902
0.1701517205428132
0.1823926402060577
0.1665217203976553
0.19153074641971637
0.17701664965247255
0.16369555458007262
0.16834039447824364
0.1702965366585023
0.17347266727967944
0.17914186606702903
0.1633395094643621
0.16283511622901767
0.1752550611963205
0.16994492599116567
0.16548435087018
0.17502024103804012
0.1630627431375596
0.16702194865364248
0.17183362867902308
0.1576065098023628
0.1522603416553391
0.17455456436366376
0.06635741704165021
0.03343915286452493
0.024611050564357462
0.020987040091715658
0.018452525147787103
0.01665229260173562
0.015214737682172175
0.013747116831867287
0.013162172938961431
0.012415026686728343
0.012236598039479435
0.011788761201540909
0.011341155951490144
0.010442065089926733
0.01007881926615601
0.010237951807039397
0.009339592407059753
0.00931283438225727
0.009076265909392244
0.009034998033700697
0.008943366196454333
0.008845365853370417
0.007953185904914003
0.008058974979078527
0.0074326784017703035
0.007631768683290771
0.007828789346320244
0.00733116852260097
0.007776316448860347
0.00778350971646302
0.00748779857412095
0.007661644416406294
0.007827684780477982
0.007304226884337337
0.007614155537556009
0.007150543393934017
0.007237530976791135
0.007341114751746892
0.007298704755999853
0.0076285991585477615
0.007478747747319243
0.007367664368113365
0.007276993278232987
0.0073892703086919035
0.007340247664229035
0.007358249314391362
0.007271881286731309
0.006937374760422979
0.0073759122031128695
0.007068090838120531
