5.906000000000001
12.145999999999999
18.126
23.926
30.293999999999997
36.812
42.814
47.502
51.693999999999996
55.413999999999994
58.242000000000004
60.76200000000001
63.544
65.056
67.354
69.184
70.54599999999999
72.354
73.952
75.288
76.626
77.86
78.53
80.096
81.048
81.94
83.018
83.616
84.32
85.274
86.556
87.164
87.83
88.292
88.944
89.59
90.422
90.964
91.27199999999999
92.184
92.458
92.39
92.828
92.906
93.398
94.162
94.08800000000001
93.868
94.406
94.518
94.934
94.67999999999999
95.038
95.292
95.486
95.37
94.882
95.30199999999999
95.588
95.456
95.536
95.706
95.904
96.072
96.344
96.328
95.8
95.904
96.048
96.478
96.85000000000001
96.422
96.43599999999999
96.158
96.486
96.146
95.588
95.868
96.348
96.852
96.576
96.726
97.274
96.868
96.804
96.702
96.342
96.104
96.602
96.65
96.244
96.592
96.622
96.966
96.83
96.628
96.652
96.54599999999999
96.288
96.30199999999999
99.18599999999999
99.774
99.86
99.90599999999999
99.914
99.914
99.91799999999999
99.942
99.928
99.94800000000001
99.956
99.96000000000001
99.958
99.954
99.96000000000001
99.952
99.954
99.958
99.956
99.978
99.952
99.968
99.964
99.96199999999999
99.958
99.964
99.966
99.97
99.978
99.97200000000001
99.98
99.982
99.964
99.968
99.97399999999999
99.97200000000001
99.96199999999999
99.97
99.976
99.966
99.97399999999999
99.97
99.97200000000001
99.98
99.956
99.97399999999999
99.96199999999999
99.97
99.984
99.97200000000001
