4.30583248758316
3.7293925828933716
3.369660322189331
3.042534655094147
2.6973997201919557
2.376262746810913
2.1020431432724
1.8907713050842285
1.7228063886165619
1.5729016852378845
1.4534529867172241
1.3542822650671005
1.2588591030836105
1.1909321324825286
1.1062642492055892
1.0435343223810196
0.992934485077858
0.9205394979715348
0.8740143423080444
0.8192451550960541
0.7772282791137696
0.7342574079036712
0.7057747185230255
0.6554643820524215
0.6225177034735679
0.5896685916781426
0.5547148162126541
0.5281297982037068
0.500317582577467
0.48337458899617197
0.4404250535070896
0.417105302721262
0.397707588493824
0.38136065343022346
0.3566589860022068
0.3406784459352493
0.31457549342513086
0.3003205070048571
0.28706760895252226
0.2627696527540684
0.2554780360907316
0.25324189352989196
0.24149814197421074
0.23983768336474895
0.22810984307527543
0.2062968600690365
0.20546349368989467
0.21121907480061053
0.19631465174257756
0.19261175113916398
0.1847653473764658
0.18830826915800572
0.1805232245102525
0.17033553526550532
0.167385574311018
0.17389762359857558
0.18525187592208386
0.17157894298434256
0.16352060951292516
0.16433811132609843
0.16299358502030373
0.16010807514190672
0.15403408329188822
0.14971125896275045
0.14324858268350363
0.1441496122330427
0.15705864011496307
0.15449107513576746
0.15265533865988254
0.13786567835509778
0.12417858873307705
0.13650415281206368
0.13788536830991507
0.15140857458114623
0.13622403167933225
0.14579868112504482
0.16826428908854724
0.15669508104771376
0.14034565498679877
0.12551333132386208
0.13445411446690558
0.12581102068722247
0.11416563970595599
0.12341143841296434
0.12877917163819075
0.13054860101640225
0.14221727760136127
0.14991829965263606
0.1354690762832761
0.1326059351451695
0.14801627259701491
0.1336991625390947
0.13074357551336288
0.12153937640786171
0.12635426557809115
0.1346311632618308
0.1343385569304228
0.1320819023400545
0.1395480619966984
0.14239097464829684
0.045768532203510404
0.021150646824389698
0.015758878154680134
0.0133000382441096
0.011760563396383077
0.010972852958831936
0.010076335572171956
0.009314153516665102
0.009144950774498284
0.008348338446579874
0.007835637350101024
0.007726612749043852
0.007220221451483667
0.0073723569372668865
0.0071604058416560295
0.007264159326907247
0.0069813943332992495
0.006652351329103112
0.00689619093760848
0.00629813835863024
0.006803026064299047
0.006435890934895724
0.006533813031390309
0.0065399472019635144
0.006162387025542557
0.006325707416981459
0.006318643929436803
0.00618190279463306
0.006029880451969802
0.006105102407513187
0.005951564274262637
0.005866118348669261
0.006206167495809495
0.00609503679908812
0.00613738506892696
0.006049603055696935
0.006182921647559851
0.005901735607534647
0.006115337091265246
0.006172614909242839
0.005958048893138767
0.006173877496505156
0.0060225107246078555
0.006061129928100854
0.0062204424673691396
0.006170731052756309
0.006095341750886291
0.005931356002110988
0.005892736248672008
0.006018541456665844
