4.09447039604187
3.5039507622718813
3.114751072883606
2.7549209055900574
2.409131202697754
2.1151708137989043
1.8878329038619994
1.7160072298049927
1.5717678129673005
1.4458525247573852
1.3499149463176727
1.2612049258947373
1.1733932358026504
1.108792641043663
1.0438338907957077
0.9857712399959564
0.938180345416069
0.8961611236333847
0.8486857796907425
0.7988659970760346
0.7543263027667999
0.7268356222510338
0.674049664258957
0.6553979892730712
0.6085049642920494
0.5798523757457733
0.5461028097271919
0.5326765331625939
0.49877999353408814
0.4873861756324768
0.4553680647611618
0.43533333313465117
0.41684771433472634
0.39936756563186643
0.38000828406214715
0.3621928324997425
0.348610608369112
0.3447972121238708
0.319083375364542
0.30943655213713644
0.3074745081067085
0.29912492026388643
0.2971500362306833
0.29009960082173347
0.27486550655961034
0.2600127851516008
0.2600197674036026
0.27134646555781367
0.25363633485138415
0.25574362510442733
0.2522089000493288
0.23415276992321016
0.25068712334334853
0.2374980344772339
0.2366892941072583
0.2338021038621664
0.2374925474077463
0.23804121512174606
0.22066420475393533
0.2217937333881855
0.22281185755133628
0.22846690951287746
0.22243856458365918
0.21201018495857715
0.21506843149662017
0.2200549231916666
0.20865642015635968
0.2186606864631176
0.1949524387717247
0.21489323943853378
0.21980971245467662
0.18555969526618718
0.21239153349399567
0.20745101086050272
0.18283806048333645
0.20557241479307414
0.19862766925245523
0.19027172994613648
0.19049609856307506
0.18030962277948856
0.18958374299108982
0.19420639719069005
0.20304182194173337
0.18653283172100782
0.18498925269395114
0.17411955253779887
0.19094421620666982
0.18720680778473617
0.1961123366355896
0.18008615931123495
0.16671855159848928
0.1813572688251734
0.19959919446706773
0.18564563345164062
0.18086773931235076
0.19599431109428406
0.18341930957138539
0.17100849541276694
0.17544840405881404
0.1833475459367037
0.07411738515459002
0.03094607288017869
0.022446099444292485
0.01922803734894842
0.016239881736692042
0.014278056494425982
0.012209804234094918
0.011850566098932177
0.010532261860556901
0.010293588729109616
0.009882832502946257
0.009583965987432748
0.008929068497382104
0.008326889363117516
0.00821224814793095
0.007852054003626109
0.007744924779050052
0.007600617239484564
0.007163761844858527
0.007008618361083791
0.0073569288123399015
0.006949230914469809
0.006565607771510259
0.006720983669394627
0.0069844478073064235
0.006370688083814457
0.0068030109684914354
0.006331035239156336
0.006067102497909218
0.006235626862151548
0.006067423188593239
0.0063786246671807025
0.0063968928749673064
0.0061652258043177425
0.006457064731279388
0.006444693208206445
0.006420062987832352
0.006407840880099684
0.005953672004165128
0.006151614349801093
0.006096184682566673
0.006057361431885511
0.006264681313885376
0.006145209612324834
0.006143607328645885
0.006219439869280904
0.006111616118811071
0.006187756276223809
0.005878866463899612
0.006231860928237438
