7.622
15.928
22.952
29.778
37.064
42.821999999999996
48.106
51.946000000000005
55.554
58.768
60.97
63.334
65.74
67.152
68.752
70.66
71.914
72.834
74.054
75.634
76.80399999999999
77.704
79.268
79.616
80.962
81.792
82.73
83.292
84.006
84.32
85.536
86.25
86.71799999999999
87.334
87.92999999999999
88.482
89.02
89.0
89.876
90.078
90.404
90.578
90.586
90.846
91.262
91.932
91.742
91.464
92.094
92.082
92.008
92.738
92.166
92.67999999999999
92.67
92.81
92.732
92.608
93.262
93.246
93.15
93.038
93.33
93.524
93.308
93.33200000000001
93.718
93.348
94.226
93.472
93.39
94.406
93.556
93.732
94.44
93.704
94.074
94.3
94.408
94.65
94.292
94.164
93.96799999999999
94.396
94.492
94.834
94.33200000000001
94.452
94.134
94.714
95.006
94.63000000000001
94.152
94.516
94.64200000000001
94.162
94.594
94.972
94.704
94.544
98.128
99.422
99.646
99.70599999999999
99.774
99.812
99.866
99.85199999999999
99.902
99.898
99.894
99.898
99.91799999999999
99.94
99.922
99.928
99.94
99.936
99.936
99.938
99.928
99.92999999999999
99.95
99.95
99.936
99.964
99.928
99.94
99.96000000000001
99.95
99.966
99.96000000000001
99.95
99.956
99.94800000000001
99.94
99.938
99.94
99.956
99.94800000000001
99.956
99.94800000000001
99.94
99.95
99.946
99.952
99.952
99.946
99.944
99.946
