4.11236769771576
3.5677976875305175
3.1998763570785522
2.867467315196991
2.5313016691207886
2.2119359447956084
1.955838261604309
1.7594511070251464
1.6097060329914092
1.4766408665180206
1.3678110320568084
1.2802339336872102
1.2052514468431472
1.132698473930359
1.0658228743076323
1.0085533670186997
0.9604695250988007
0.8950262677669525
0.8599724771976471
0.8104921828508377
0.7725463063120842
0.7254164363145829
0.6997481507658958
0.6500403192639351
0.6260701900720597
0.6032900871038437
0.569394559264183
0.5422640883922577
0.5179939855933189
0.4890841606855392
0.4640097482204437
0.4488408246040344
0.41871496322751045
0.4097142557501793
0.39875195392966273
0.37237628650665283
0.365907420694828
0.3529222932457924
0.32537432727217674
0.3212670396268368
0.3157073672711849
0.29517067308723927
0.2876979178339243
0.26471703545749187
0.27839165611565114
0.2752451408058405
0.26228569754958153
0.25077008272707463
0.24068409875035285
0.2331078426092863
0.24716912846267222
0.2307055773437023
0.2300286505818367
0.22994856736063957
0.22094467148184777
0.20996662405133248
0.22178675851225854
0.207012703537941
0.2183446451872587
0.2211194874793291
0.22083513759076595
0.2013229624927044
0.19863425627350806
0.19885656093806028
0.2114091301932931
0.1873835078328848
0.18725297467410565
0.18384955971688033
0.19269072005152701
0.20199625147134065
0.1872636600062251
0.17456126665323973
0.19018498894572258
0.17712575917690992
0.1890542492493987
0.18132940573245288
0.17332711458951236
0.16842291256040334
0.1770825385302305
0.17916562520712614
0.1707077297642827
0.1736953481808305
0.1584956183731556
0.16150651805847882
0.17430571690946817
0.17227944411337376
0.16895357616245746
0.16668451328575612
0.16843165934085846
0.17657398856431245
0.16879979889839888
0.16644166330248117
0.16526385060697793
0.16502430035918952
0.1581056445762515
0.15517048648744822
0.1574190451875329
0.16047730107605457
0.15428517361357807
0.17354070821404458
0.058194508550688626
0.024673785206861795
0.0186325166458264
0.01514582870947197
0.013116459470242262
0.011839711077976971
0.0113129689283669
0.010092984723392874
0.00939866789150983
0.00843313445476815
0.00885770002938807
0.008499542189296334
0.007884743400383741
0.007555925629101693
0.0074037010674364865
0.007143401376903057
0.007247002554126084
0.007032434303313494
0.007112284505274147
0.0067124655256047844
0.006446443734224885
0.006432730680797249
0.006370464517502114
0.006206259013619274
0.006354337379802019
0.0062769322376698255
0.005839397063944489
0.005823448387207463
0.00608958188444376
0.005794452594825998
0.0057509425389580425
0.005876886404352263
0.005788222350180149
0.005722447286825627
0.005814409748185426
0.006041081454837695
0.005728555145207793
0.005961901485221461
0.005771424622973427
0.005644720084033906
0.006085790950106457
0.005694775358540937
0.005880678710993379
0.0057006840305402874
0.0057915653877425935
0.005708763412665576
0.005787587404018268
0.005692608413984999
0.005765408152248711
0.005641738235251978
