7.0760000000000005
14.302000000000001
20.93
27.494000000000003
33.696
40.724
46.558
50.895999999999994
54.702
57.358
60.751999999999995
62.712
64.536
66.512
68.476
69.842
71.19
72.74199999999999
73.64
75.048
76.242
77.558
78.336
79.622
80.49
81.04599999999999
82.15
83.116
83.69
84.54
85.348
85.706
86.734
87.022
87.278
88.1
88.402
88.866
89.672
89.86800000000001
90.156
90.78399999999999
91.056
91.838
91.232
91.418
91.95400000000001
92.166
92.596
92.896
92.41
93.03399999999999
92.938
92.95
93.208
93.574
93.258
93.76
93.304
93.204
93.30199999999999
93.998
93.946
94.002
93.638
94.5
94.308
94.49600000000001
94.184
94.00800000000001
94.47
94.89
94.304
94.756
94.404
94.604
94.84
95.15599999999999
94.76599999999999
94.74000000000001
95.02000000000001
94.89999999999999
95.488
95.364
94.892
95.02000000000001
95.15400000000001
95.112
95.166
94.876
95.0
95.138
95.138
95.21
95.458
95.518
95.39800000000001
95.25200000000001
95.578
95.02000000000001
98.658
99.60799999999999
99.772
99.806
99.868
99.9
99.872
99.908
99.91
99.942
99.908
99.924
99.942
99.932
99.934
99.958
99.928
99.936
99.944
99.942
99.956
99.95
99.946
99.94
99.95
99.952
99.97200000000001
99.97399999999999
99.956
99.958
99.97
99.956
99.968
99.97200000000001
99.968
99.96000000000001
99.968
99.97399999999999
99.966
99.968
99.954
99.97399999999999
99.958
99.964
99.97399999999999
99.968
99.968
99.97200000000001
99.966
99.97399999999999
