0.061440
0.126900
0.175580
0.219500
0.258620
0.300700
0.347580
0.390620
0.433560
0.468960
0.505300
0.534840
0.565040
0.582740
0.609020
0.626540
0.647080
0.668460
0.683780
0.701320
0.714900
0.728920
0.744480
0.753440
0.767360
0.778540
0.789780
0.805340
0.812720
0.823560
0.835600
0.838940
0.847180
0.853280
0.869060
0.866900
0.873280
0.881560
0.885740
0.893880
0.896540
0.901160
0.901360
0.909700
0.913960
0.916440
0.919720
0.922560
0.925760
0.925740
0.928260
0.927940
0.930620
0.934480
0.934100
0.931000
0.936860
0.933420
0.937240
0.936860
0.941880
0.939660
0.941840
0.944520
0.939300
0.942540
0.940520
0.941360
0.935380
0.944880
0.946160
0.943180
0.944400
0.943860
0.942760
0.938440
0.946480
0.946320
0.948300
0.946280
0.944340
0.947820
0.942680
0.947500
0.945900
0.943160
0.947340
0.950460
0.948020
0.951100
0.953780
0.953440
0.946940
0.942920
0.949040
0.950460
0.952260
0.952620
0.953300
0.951740
0.984160
0.994720
0.997160
0.997600
0.998260
0.998340
0.998680
0.998940
0.998820
0.998820
0.999180
0.999020
0.999220
0.999200
0.999200
0.999240
0.999380
0.999320
0.999400
0.999480
0.999380
0.999280
0.999560
0.999440
0.999340
0.999280
0.999440
0.999480
0.999560
0.999540
0.999600
0.999660
0.999400
0.999620
0.999500
0.999480
0.999480
0.999620
0.999700
0.999540
0.999640
0.999600
0.999540
0.999560
0.999540
0.999620
0.999580
0.999560
0.999600
0.999660
0.999560
0.999600
0.999760
0.999740
0.999660
0.999620
0.999480
0.999640
0.999720
0.999700
0.999680
0.999700
0.999580
0.999640
0.999640
0.999680
0.999600
0.999680
0.999720
0.999720
0.999600
0.999660
0.999580
0.999720
0.999740
0.999660
0.999660
0.999600
0.999600
0.999680
0.999740
0.999560
0.999760
0.999800
0.999660
0.999700
0.999640
0.999640
0.999620
0.999660
0.999740
0.999580
0.999700
0.999680
0.999660
0.999780
0.999740
0.999700
0.999620
0.999780
