4.226884
3.690088
3.412111
3.165352
2.947640
2.728286
2.497303
2.286272
2.093313
1.932627
1.783018
1.662586
1.546948
1.456140
1.353268
1.280800
1.204761
1.133796
1.065429
1.007297
0.945091
0.899404
0.843836
0.803599
0.759611
0.714125
0.683010
0.627932
0.600135
0.562816
0.520016
0.514048
0.479886
0.461724
0.418836
0.415993
0.396486
0.373418
0.358150
0.334827
0.329235
0.312745
0.310644
0.288497
0.276784
0.266769
0.255331
0.250250
0.237143
0.240156
0.235001
0.234108
0.222442
0.213377
0.213559
0.222681
0.208277
0.216155
0.208430
0.207276
0.195202
0.197617
0.191098
0.182498
0.199493
0.189187
0.194524
0.195845
0.209137
0.181542
0.178407
0.189752
0.183900
0.189971
0.190116
0.203340
0.179451
0.180111
0.172821
0.177289
0.186099
0.173624
0.193972
0.178176
0.180917
0.188559
0.177151
0.168905
0.174360
0.164380
0.157133
0.159486
0.178913
0.189140
0.168804
0.165758
0.164567
0.158829
0.159809
0.163093
0.064437
0.027909
0.020232
0.017273
0.014812
0.013401
0.012109
0.011334
0.011152
0.010840
0.009270
0.009436
0.008352
0.008625
0.008587
0.007898
0.007657
0.007380
0.007717
0.007232
0.007194
0.007452
0.006567
0.006936
0.006945
0.007198
0.006638
0.006626
0.006584
0.006368
0.006164
0.006178
0.006293
0.006144
0.006143
0.006072
0.006230
0.006170
0.005788
0.005941
0.005837
0.005936
0.006082
0.006024
0.005891
0.005916
0.006047
0.005674
0.005988
0.005724
0.005624
0.005812
0.005492
0.005561
0.005585
0.005654
0.005579
0.005623
0.005595
0.005621
0.005634
0.005394
0.005679
0.005512
0.005508
0.005650
0.005543
0.005574
0.005510
0.005544
0.005638
0.005558
0.005360
0.005641
0.005468
0.005615
0.005507
0.005611
0.005684
0.005567
0.005490
0.005521
0.005479
0.005426
0.005529
0.005470
0.005407
0.005426
0.005582
0.005372
0.005294
0.005661
0.005571
0.005444
0.005440
0.005522
0.005556
0.005365
0.005741
0.005451
