4.088612249851227
3.4827907862663268
3.0817741537094117
2.6763135013580324
2.3001884145736695
2.0045952439308166
1.7834507749080657
1.6140703363418578
1.4756508728265763
1.3517783521413802
1.261089367032051
1.1721349536180496
1.099127042889595
1.0272618452310562
0.9696773898601532
0.9200486623048783
0.8652423883676529
0.816997844338417
0.7783407433629036
0.7352673205733299
0.695345764040947
0.6581953109502793
0.6185053004622459
0.5869812588691712
0.5579365002512932
0.5331082803606987
0.5042546507418155
0.47826023522019384
0.4481828900575638
0.4385262987613678
0.41771979475021365
0.39876299116015435
0.3836926181614399
0.36183010375499725
0.35313769978284837
0.33646144247055054
0.32709592634439466
0.3080462601780891
0.3060447813719511
0.29221069160103796
0.2822255747914314
0.2730065360367298
0.2767673920840025
0.26904633904993536
0.24384338042140008
0.24592869906127454
0.2374570749104023
0.23455715799331664
0.23895897156000137
0.23836289577186107
0.2317680298089981
0.22809981743991375
0.23201839096844196
0.22917533427476883
0.22025891563296318
0.20148838111758233
0.21631713031232358
0.2250239658355713
0.2100547469854355
0.20831365472078323
0.2077773374915123
0.21017271970957518
0.20672084845602512
0.19279972137510776
0.2007825668975711
0.19995113961398603
0.20168640227615833
0.18573401868343353
0.19223150677978992
0.1923846565783024
0.18222809797525405
0.19093555180728436
0.18232651208341122
0.19227458211779594
0.19100076724588871
0.19001944553852082
0.18221833111345767
0.17352976078540086
0.1736122693940997
0.18780412688851356
0.17989503079652785
0.17762650544941425
0.17370288968086242
0.17004449628293514
0.1562941901013255
0.17118467380851507
0.1769509948864579
0.18515105192363263
0.18070863977819682
0.16593869606405495
0.16410830238461493
0.16486585269868373
0.1722365954592824
0.17229680966585875
0.16402358920127152
0.15407809852063656
0.16660784274339677
0.17419512274116278
0.16785355367511512
0.15599425771087408
0.05718289128877223
0.02545806164201349
0.01889475360605866
0.01526174455974251
0.014282950152177364
0.012516160333994776
0.011386368313804268
0.011205720181111246
0.00994550323113799
0.009717521458398552
0.009242461027577519
0.008841719669755548
0.008175481253769249
0.008059326639398932
0.007935148696647958
0.007772429579403251
0.0073646057362202555
0.0074260479954537
0.007097791831241921
0.007152103228960186
0.007162137958221138
0.006626135218655691
0.006755369328893721
0.006400662396103144
0.0065948391743004325
0.006523858178872615
0.0064087528113741426
0.0062405282168183475
0.006266669863369316
0.00629802541481331
0.006499195197131485
0.00637923220358789
0.00601175703573972
0.006314355618320405
0.00608547615702264
0.00616581587260589
0.005989503936143592
0.006265904038213193
0.006322252553422004
0.006168802571948618
0.006333655120339244
0.0062149779088795185
0.006048558751121163
0.006389040736248717
0.0060701951221562925
0.006025706043699756
0.006055521142669022
0.0060651515026111154
0.006010302061680704
0.006430704037891701
