7.698
16.006
23.134
30.964000000000002
38.468
45.038
50.17
54.494
57.862
61.041999999999994
63.02799999999999
65.74
67.552
69.514
70.792
72.256
73.79400000000001
74.966
76.07000000000001
77.302
78.24799999999999
79.538
80.648
81.552
82.358
83.116
84.066
84.88799999999999
85.824
86.146
86.67399999999999
87.394
87.868
88.508
88.678
89.23400000000001
89.688
90.24
90.286
90.822
91.19
91.444
91.326
91.622
92.484
92.486
92.676
92.682
92.684
92.706
92.972
93.084
92.742
93.002
93.34400000000001
93.926
93.52000000000001
93.108
93.61
93.652
93.738
93.54400000000001
93.812
94.16799999999999
94.018
94.054
94.048
94.498
94.186
94.33399999999999
94.638
94.30199999999999
94.62
94.318
94.292
94.39800000000001
94.536
95.00800000000001
94.848
94.488
94.728
94.666
94.89
95.07
95.552
94.974
94.894
94.474
94.738
95.218
95.282
95.256
94.988
94.98
95.186
95.614
95.216
94.83200000000001
95.084
95.474
98.678
99.592
99.76
99.86
99.836
99.884
99.89
99.89
99.914
99.91
99.91799999999999
99.924
99.934
99.934
99.968
99.932
99.936
99.95
99.94
99.96000000000001
99.94800000000001
99.956
99.946
99.964
99.944
99.958
99.942
99.96000000000001
99.96000000000001
99.956
99.96199999999999
99.964
99.968
99.956
99.96199999999999
99.97
99.964
99.968
99.966
99.958
99.966
99.958
99.968
99.946
99.96000000000001
99.97200000000001
99.964
99.97200000000001
99.95
99.95
