7.158
15.058
21.876
29.477999999999998
37.146
43.634
48.64
52.952
56.45400000000001
59.438
61.414
63.995999999999995
65.524
67.772
69.182
70.774
71.902
73.63
74.714
75.484
77.442
78.24
79.374
80.594
81.218
82.27600000000001
83.24000000000001
83.87
84.786
85.392
85.916
86.69
87.194
88.13
88.142
88.71
89.238
89.798
89.666
90.2
90.264
91.334
90.714
91.53999999999999
91.95400000000001
92.142
91.804
92.502
92.354
92.706
92.568
93.012
92.796
92.494
93.246
93.976
93.60000000000001
93.242
93.274
93.386
93.572
93.60000000000001
93.774
93.584
94.074
94.614
93.69800000000001
93.66799999999999
94.0
94.382
94.482
94.894
94.362
93.91000000000001
94.358
94.304
94.774
94.08
94.56
94.53200000000001
95.004
94.402
94.868
94.33200000000001
94.828
95.304
94.99600000000001
95.19
94.94399999999999
95.45
95.324
94.45400000000001
95.078
95.192
94.99
95.206
94.986
94.89999999999999
95.11800000000001
95.16
98.58200000000001
99.546
99.724
99.804
99.858
99.888
99.894
99.9
99.898
99.908
99.928
99.92999999999999
99.938
99.926
99.946
99.934
99.942
99.936
99.96199999999999
99.94800000000001
99.954
99.934
99.956
99.964
99.952
99.94
99.95
99.96000000000001
99.958
99.964
99.96000000000001
99.956
99.958
99.954
99.958
99.966
99.964
99.956
99.964
99.966
99.956
99.966
99.966
99.96199999999999
99.958
99.964
99.96000000000001
99.96000000000001
99.958
99.954
