4.156778850078583
3.534956780433655
3.145224690914154
2.7496389894485476
2.3817717399597167
2.0792981436252593
1.8617655968666076
1.6769956030845643
1.5364122626781465
1.4155064015388488
1.3255191960334778
1.2358870837688447
1.1620696486234665
1.0903116137981415
1.0329287524223327
0.9738198547363281
0.9254071224927902
0.8693085345029831
0.8289286151528359
0.7933475333452225
0.7355901350975037
0.7022527796626091
0.6603784285187722
0.6263141168355941
0.5984899158477783
0.5597461765408516
0.5330237747430802
0.51111280554533
0.48251290392875673
0.4588168862760067
0.4421672785580158
0.41822313275933265
0.4052843260467052
0.3693453024625778
0.37321719831228256
0.35952250361442567
0.3340493012070656
0.3194859259724617
0.321067030146718
0.30535486395657063
0.30532474219799044
0.26992907892167567
0.2904430483430624
0.26754271844029426
0.26033072379231453
0.2505788477212191
0.26261937120556833
0.23721310371160506
0.24021236634254456
0.23446416740119458
0.23865694577991964
0.22450503411889075
0.22927660910785197
0.23723897479474546
0.2209932250380516
0.19897082173079253
0.20902438393235206
0.21972254291176796
0.22087362849712372
0.21394669418036938
0.2091103589385748
0.20766522859036923
0.20297324589639903
0.21159726629406214
0.2010198041200638
0.17819219835847616
0.20886793926358224
0.20977271074056625
0.20276360663771628
0.18514132419228554
0.1831228592544794
0.1699605197235942
0.18797533602267505
0.1998338114619255
0.18930515268445014
0.18903890290856362
0.17426858600229025
0.19559261345118284
0.18052202627062797
0.18252303323149682
0.16950960104912519
0.1842267495021224
0.17342563020437957
0.18890741516649723
0.1736772036254406
0.15894262731075287
0.1686749966070056
0.16437548522651196
0.17450780358910561
0.15694594941288234
0.16037564250826836
0.18582125304639338
0.17003512448072433
0.16441723450273277
0.16821452479064464
0.1612020797803998
0.16746903385967016
0.1717007750198245
0.1640196178033948
0.16803870571404694
0.0574290412561968
0.024794347771443428
0.01814234449993819
0.014724992294795812
0.012125914382748305
0.0110436960211955
0.010073060743510723
0.009575318269897253
0.008969861579593272
0.008627352360170334
0.008093458484392612
0.007717305701225996
0.00738855315442197
0.0072996835832018405
0.006804148928727954
0.0065610450659878555
0.006527255805209279
0.006706258543068543
0.006062338269082829
0.0062703370577655735
0.005831732529681176
0.006077269327593967
0.0057944538823794575
0.005569394109072164
0.005816917478339747
0.005781099754851311
0.005643933587707579
0.005507672481006011
0.005489840221591294
0.00547947584791109
0.005316769415745512
0.005579754979815334
0.00568271748512052
0.0055461987936869265
0.0057043695030733945
0.0056015558950603
0.005456545962952078
0.005556626084260642
0.005477460963418708
0.0055555369821377095
0.005518869875464588
0.005466995133785531
0.0052281264793127774
0.005432866449933499
0.0053528920479584486
0.0054764179517515004
0.00522967641428113
0.005165536312852055
0.0052446077959612016
0.005504171649226919
