7.28
15.354000000000001
22.31
30.152
38.11
44.512
49.744
53.334
56.354000000000006
59.434
61.708
63.81
65.69800000000001
67.488
68.80199999999999
70.824
71.72800000000001
73.018
74.35000000000001
75.788
77.21000000000001
77.994
79.14999999999999
80.336
80.986
81.96
82.684
83.61
83.99799999999999
84.694
85.298
86.234
86.694
87.24
88.134
88.142
88.82
89.508
89.752
90.266
90.482
90.448
90.91799999999999
91.744
91.81200000000001
91.96600000000001
92.036
92.656
92.154
92.526
92.65
93.028
92.73
93.074
93.44
93.618
93.73599999999999
93.496
93.58800000000001
94.036
93.744
94.036
94.346
94.02199999999999
94.19800000000001
94.17
94.246
93.962
94.394
94.45599999999999
94.928
94.806
94.95400000000001
94.538
94.316
95.044
95.042
94.928
94.85
94.884
95.45
95.242
94.962
95.218
95.25
95.66799999999999
94.938
95.298
95.178
95.64200000000001
95.316
95.38600000000001
95.272
95.36200000000001
95.908
95.452
95.532
95.652
95.466
95.382
98.724
99.53800000000001
99.752
99.856
99.86
99.896
99.924
99.91799999999999
99.94800000000001
99.94800000000001
99.938
99.936
99.942
99.944
99.938
99.954
99.94800000000001
99.954
99.92999999999999
99.94
99.96000000000001
99.95
99.956
99.958
99.958
99.964
99.966
99.98
99.968
99.964
99.968
99.96199999999999
99.96199999999999
99.964
99.952
99.958
99.964
99.978
99.944
99.964
99.97399999999999
99.956
99.968
99.97
99.97200000000001
99.958
99.968
99.97200000000001
99.96000000000001
99.976
