4.098473823070526
3.5272445850372316
3.1278577394485474
2.705390347480774
2.3166716170310973
2.027556674718857
1.8135367126464843
1.6599742951393128
1.5308072147369385
1.4095321292877196
1.3123741835355758
1.2337660437822342
1.1624165147542953
1.0994836200475693
1.0445189580917358
0.9807205857038498
0.9369997557401657
0.8850144509077073
0.8401696100234985
0.7891470109224319
0.7437611978054046
0.7115116518735886
0.6739173299670219
0.6346145471930504
0.6091418618559837
0.5785038477778435
0.5536575093269348
0.5249164118766785
0.5064267122745514
0.48513641399145124
0.46383084800839425
0.4381761410832405
0.4218079517483711
0.4055007947087288
0.37799867829680445
0.3724229108989239
0.35536220946908
0.33886181071400645
0.32666918712854387
0.3126409506201744
0.303326740026474
0.3053486055582762
0.2924585485160351
0.2704252942949533
0.2614414194524288
0.26022031082212926
0.26117578710615635
0.24021940261125566
0.25139391180872916
0.24489428915083408
0.24040232582390308
0.22943153999745847
0.2392798933237791
0.22491983203589916
0.22200918190181254
0.20932042752206326
0.2088790912181139
0.21462540505826475
0.21157262651622297
0.20635452748835087
0.21040971130132674
0.20305682235956193
0.19158987187594176
0.20158722463250162
0.19599224027991294
0.19964082232117653
0.19276618145406246
0.2021431668996811
0.1901844480037689
0.18784658147394656
0.174347850933671
0.18077426141500472
0.17483331421762704
0.188105090290308
0.1921492429226637
0.1721389482617378
0.17223132467269897
0.17599110658466816
0.1748187927082181
0.17529055105149746
0.16052378483116628
0.16366295184195043
0.17150042386353015
0.16536437268555165
0.16327269957214594
0.15084606452286242
0.1742702833712101
0.16371013178676366
0.16751514704525472
0.1531412689089775
0.16621094208210707
0.15870092059671878
0.1664644340276718
0.1640325852483511
0.143712150901556
0.1607366320490837
0.15818248134851456
0.15460888802260161
0.1593832441419363
0.1623640299588442
0.05774677167274058
0.026315009615384043
0.019484375394880772
0.015255853737704456
0.014080338678322733
0.012382617691066116
0.010827269579749554
0.010617934006731958
0.009985445948317647
0.009332711623515934
0.008689699055161327
0.008621804617810994
0.008145776610588655
0.007970438401214778
0.00783373704412952
0.007389866556040943
0.007459792748093605
0.007431867795065045
0.007638395626563579
0.007362001114524901
0.006835810557706282
0.0069741577971726655
0.00700233229668811
0.006798116908874363
0.006661620105151087
0.0063972613660153
0.006424562360160053
0.006298075814731419
0.006409855973441154
0.006573905951343477
0.006331551877316087
0.006366309802513569
0.006363286577630788
0.006440100480802357
0.00650076500698924
0.00641448526410386
0.006286958953365684
0.006383278159424663
0.00653623580886051
0.006400455867405981
0.006184887560550124
0.006208311161026358
0.006405295049771667
0.006528852748684585
0.006157145061064511
0.006302610461600125
0.006157044067513198
0.0059898078553378585
0.006517841268796474
0.006149258717894554
