4.125404871333286
3.5505258037001277
3.1902027660623538
2.8633243385178355
2.531290181152656
2.234381565352535
1.9915535340223776
1.8090848861752873
1.661213765363864
1.5268033120943152
1.4249125030034644
1.3483250142668215
1.255525379382131
1.193751352979704
1.12560553608648
1.066187447904016
1.0079379215874635
0.953420983098657
0.9085617768185218
0.8733129274204868
0.8256245956701391
0.7837900074241716
0.7539123870680094
0.7043590589100138
0.674398984216973
0.6459653915651619
0.6087105984578047
0.5916545235592386
0.5533006567022075
0.5314353513900582
0.5148047639433381
0.48414470579313196
0.46325183749351356
0.44721268464232344
0.4315923107097216
0.41388600977028117
0.3997777767117371
0.3686471871860192
0.3630801074568878
0.35509504042470547
0.3319724571445714
0.31774475400710045
0.3143969838271665
0.306620268908608
0.28855079652555765
0.2725445954010005
0.2797755874178903
0.26809272040491516
0.25752816295913417
0.24344946049592076
0.24928044140948663
0.23206856734383746
0.23397069473934295
0.21716287055664965
0.2208071012249993
0.22665681737615628
0.21822760099797603
0.22260950259921497
0.22124213675784943
0.19648844474340643
0.2027152818258461
0.19986818081049054
0.1978074392241895
0.2106394520043717
0.1936868901181099
0.1863945691710543
0.1800992885971313
0.19931525102509257
0.19925942008986192
0.19416099373260728
0.17736118778472057
0.1711590421740966
0.19319408872853155
0.19063284269074346
0.1927060334540694
0.17545049401271678
0.18094579477215667
0.1890551230258039
0.18904217826131056
0.1859504061243723
0.18322207771070168
0.18742164973255312
0.16729611335584268
0.18521334181356308
0.16701386583125805
0.16633222319776444
0.18347566921616454
0.17137794884498161
0.1828284861467531
0.1759512044698991
0.16124692437289012
0.15517022017665835
0.1766130822184293
0.17875285435210714
0.175015257657184
0.1499424597720051
0.15486976620562545
0.17140809140737404
0.16210892760311552
0.15554580207714033
0.0645126271421266
0.03205386481588454
0.024210269565281967
0.02034021064739131
0.017630710782211685
0.015297000103480066
0.014664018913731931
0.013770629539299766
0.012753094588775578
0.011678351599680226
0.011929835593018233
0.011065381615425049
0.010763795470552104
0.009835462749261609
0.010120325062014258
0.00947066999869445
0.009722749488856977
0.00925250940115365
0.008942599990107405
0.008616084096562641
0.008445034213864323
0.008167390130422152
0.00829239227496983
0.007907301494780252
0.00807338036642031
0.007481770918649786
0.007692072338060192
0.007337405982896533
0.007632086217246207
0.00805688454338428
0.0076875481861726856
0.0076008622273755115
0.007575897374869231
0.0075125816192411245
0.00740772869933368
0.0071009203721352325
0.0072555920660562455
0.007318568773224683
0.007140153953495919
0.007443481458998893
0.0073009914899592665
0.0069677898144621
0.00718190719235374
0.007378633321641618
0.007455196532318392
0.007372635313073921
0.007558843025656612
0.007452054654279024
0.007088524803323933
0.007489634364548013
