7.158
15.129999999999999
21.529999999999998
27.614
33.954
40.336
45.488
49.93
53.635999999999996
56.652
59.178
61.124
63.376
64.936
66.998
68.262
69.928
71.432
72.628
73.354
74.818
75.968
76.82600000000001
78.228
79.07600000000001
79.886
80.784
81.45400000000001
82.45
83.092
83.95
84.774
85.14399999999999
85.842
86.37
86.906
87.3
88.31
88.372
88.738
89.40599999999999
89.99000000000001
89.946
90.256
90.86800000000001
91.49000000000001
91.13799999999999
91.69
91.864
92.366
92.208
92.804
92.61
93.208
93.218
92.976
93.208
93.134
93.116
93.95599999999999
93.784
93.882
93.978
93.51
94.19999999999999
94.416
94.56599999999999
93.92399999999999
93.84400000000001
94.21000000000001
94.724
95.03200000000001
94.232
94.26
94.098
94.736
94.55
94.432
94.28800000000001
94.45599999999999
94.56599999999999
94.358
95.128
94.422
95.048
95.098
94.53
94.934
94.57600000000001
94.82000000000001
95.292
95.524
94.736
94.744
94.862
95.578
95.474
94.876
95.19
95.43199999999999
98.462
99.402
99.61
99.67399999999999
99.754
99.806
99.824
99.85000000000001
99.858
99.868
99.854
99.878
99.882
99.91
99.888
99.91
99.89
99.90599999999999
99.922
99.926
99.90599999999999
99.928
99.932
99.926
99.932
99.938
99.938
99.956
99.932
99.92
99.932
99.94
99.936
99.94800000000001
99.94800000000001
99.958
99.942
99.932
99.938
99.932
99.94800000000001
99.958
99.946
99.946
99.938
99.922
99.928
99.94
99.96199999999999
99.938
