4.111312830924988
3.501955958366394
3.123584336280823
2.768445091724396
2.4458296201229097
2.1540450830459594
1.9472434010505677
1.761522202730179
1.6298031508922577
1.5048938438892365
1.4089280675649642
1.3077592650651932
1.2369742159843444
1.1757537859678269
1.107150539636612
1.052973200082779
0.9984729806184769
0.942183474779129
0.8984030454158783
0.8627081254720688
0.8196170772314072
0.775635684132576
0.743038078546524
0.7157162096500397
0.6812311279773712
0.6395684558153153
0.6033640028834343
0.588236322760582
0.5589426212906837
0.5250078708529472
0.5102732128500939
0.4785974423885345
0.4703919239640236
0.4492174482345581
0.42363062146306035
0.41976674696803096
0.3892150880396366
0.3959907518625259
0.36688805094361304
0.35354786321520804
0.33662925568223
0.33636492551863195
0.32555959053337574
0.30740940377116205
0.3109116050750017
0.30096851181983947
0.2933664195686579
0.29167836894094945
0.2853177228718996
0.2863806307762861
0.26934839369356633
0.2614872690588236
0.2672119307667017
0.2580240620970726
0.25873699922859666
0.25740954384207726
0.25686271500587465
0.2637162150591612
0.24844775334000588
0.2332596039324999
0.2425417183637619
0.23649731639027596
0.24248868325352668
0.23667932488024235
0.24559182702004909
0.22206437255442144
0.25145631162822246
0.21886234644055366
0.22347391135990619
0.2195251406878233
0.2108768667280674
0.21091548286378384
0.22370973344147205
0.21088062284886838
0.20710190814733506
0.20386915735155345
0.21391153609752656
0.2073009660989046
0.20995736375451088
0.21513297716528176
0.20640886417776347
0.20070178517699241
0.21466416347026826
0.18494770808517932
0.1977902395799756
0.2054073644131422
0.2055247006341815
0.20225143503397702
0.20545801822841167
0.21103213027864695
0.19516888919472694
0.18980555097013713
0.20231437315046788
0.19088183853030205
0.18921660410612823
0.1964080910384655
0.19320668540894986
0.20447399932146074
0.18748791490495204
0.1944662706181407
0.07504867221042513
0.03502720975223929
0.02560930272284895
0.021285182991065084
0.018137874823063612
0.0177198605472222
0.014461382443550974
0.013962471339851618
0.013121569311246277
0.012720201563555748
0.01119043911108747
0.010926518161315471
0.010429255839902908
0.01018752915225923
0.00985093007562682
0.009574482004158199
0.009492528611328453
0.009129848094191402
0.008645187981426716
0.00867993269721046
0.008012246278580278
0.007903554099611939
0.00776211861660704
0.008103961844928563
0.007869913623668253
0.008058390168007462
0.007609366353601217
0.007515684804413468
0.007634756826329976
0.007382430644705892
0.00728518494265154
0.007577994456049055
0.007384611794259399
0.007211892261169851
0.007326618394348771
0.007289932647719979
0.007269431155640632
0.007300333972088993
0.007065374359954148
0.007234662380069494
0.007239761855918914
0.007028560836799443
0.007245321886148304
0.0071511420963797714
0.007194273793138564
0.007123587703797966
0.006906636878848076
0.007067765410989523
0.00723575978120789
0.007248885007109493
