7.438000000000001
15.590000000000002
22.546
29.459999999999997
35.571999999999996
42.120000000000005
46.686
50.938
54.078
57.14
59.662000000000006
62.03999999999999
63.88
65.558
67.246
68.63
70.186
71.712
72.71600000000001
73.888
74.91600000000001
76.158
77.076
77.754
78.73400000000001
80.034
81.164
81.612
82.402
83.334
83.968
84.722
84.982
85.786
86.452
86.658
87.656
87.322
88.248
88.834
89.248
89.322
89.658
90.36
90.062
90.52799999999999
90.85
90.938
91.046
91.066
91.646
91.914
91.74600000000001
91.97800000000001
92.038
92.006
91.918
91.778
92.286
92.9
92.58999999999999
92.75
92.47999999999999
92.674
92.376
93.16
92.314
93.392
93.082
93.374
93.56400000000001
93.514
93.22399999999999
93.616
93.664
93.784
93.49
93.80199999999999
93.644
93.476
93.816
93.916
93.488
94.53200000000001
94.08999999999999
93.714
93.812
93.97
93.76400000000001
93.78
94.32000000000001
94.33200000000001
93.958
94.32000000000001
94.286
94.074
94.3
93.85
94.46
94.134
98.102
99.358
99.58200000000001
99.678
99.778
99.77000000000001
99.82799999999999
99.82
99.83800000000001
99.846
99.896
99.912
99.894
99.892
99.91
99.898
99.92
99.892
99.924
99.908
99.936
99.94
99.934
99.92999999999999
99.932
99.926
99.936
99.936
99.944
99.932
99.938
99.936
99.94800000000001
99.952
99.946
99.95
99.944
99.942
99.96000000000001
99.94800000000001
99.942
99.954
99.934
99.954
99.958
99.942
99.942
99.964
99.946
99.94
