4.077341490268707
3.505885015487671
3.1221580061912535
2.7149708008766176
2.3240943241119383
2.0280847821235657
1.8086761898994446
1.6485929872989655
1.5077906880378724
1.394443233013153
1.3042268878221512
1.2123258944749833
1.141566344499588
1.0786989032030105
1.0146442999839782
0.9516512365341186
0.9026642400026321
0.8606815332174301
0.810357254743576
0.7635284878611565
0.7232973353862763
0.6945698990225792
0.6555104954838753
0.6116872373223304
0.5897756276130677
0.5504362883269787
0.5248880243599415
0.5003316322565079
0.4787152191996574
0.4519256008565426
0.44054001075029375
0.405419619679451
0.39297039780020715
0.36159131622314455
0.3533737037777901
0.34894807890057566
0.32278516273200514
0.3154198808670044
0.30568223071098327
0.28959005542099475
0.2719271821975708
0.27874139618873595
0.24637904669344426
0.24893910716474058
0.24454625660181045
0.23369023691117763
0.23033914181590082
0.22044136740267276
0.2051488400697708
0.2108385478630662
0.21645990316569805
0.20885773625969886
0.19771865017712117
0.21247838743031025
0.19935316987335683
0.18166969004273414
0.20106114128232003
0.19134540612995624
0.19694235004484653
0.18368117207288742
0.18545379449427127
0.18654376001656056
0.17244548614323138
0.18021241749078035
0.17523562305420637
0.1714181362465024
0.16731110612303018
0.17653802889585496
0.17391141587495804
0.164960001334548
0.17361767710000275
0.16224496252834797
0.1663022982403636
0.1721623734757304
0.16235664607584477
0.15082730593532323
0.14705874218791723
0.160135279096663
0.15881681402027606
0.1631299108862877
0.15580559348315
0.15521605636179447
0.1574153518527746
0.1538770756945014
0.14276276748627426
0.146273940525949
0.146991094738245
0.15696291983127594
0.1471406143531203
0.14693424379825593
0.15158954717218875
0.1487870441377163
0.1563475933521986
0.15511131903529168
0.14930712653696537
0.1516746739372611
0.1412469256296754
0.13089616016298533
0.13235129688680172
0.1293558844588697
0.05159386746585369
0.022299349687062205
0.01604818245023489
0.012940946120768786
0.011775669990107417
0.010773339203558862
0.009801456110086293
0.009187984440941363
0.008679578785318881
0.00810309277381748
0.007929783462546766
0.007505887592211366
0.006773552928119898
0.007270164930960163
0.0071634762543253605
0.006769095116760581
0.006752516869455576
0.006659289603121578
0.006606559898238629
0.006273449867498129
0.006174451664322987
0.006159257260616869
0.006299335289746523
0.006322684489190578
0.006202773825731128
0.005850376425776631
0.00589373051840812
0.005858900094404817
0.006020313164452091
0.005782053029863164
0.006178649146109819
0.005946815599221736
0.00567760118143633
0.005771347908768803
0.005954710221616552
0.005927502671489492
0.005881362058687955
0.0058031147443689405
0.005893445721827447
0.006199847465613857
0.00572931690653786
0.005727146027609706
0.005730581587180495
0.005770540364086628
0.005927144050598144
0.005800787948537618
0.00578679266711697
0.005817014128668234
0.0055599869843572375
0.005906709638889879
