7.914000000000001
15.884
22.616
30.208000000000002
37.93
44.284
49.982
53.588
56.732000000000006
59.919999999999995
62.007999999999996
64.34
66.224
67.906
69.726
71.59
72.88
73.954
75.32
76.546
77.708
78.432
79.55600000000001
80.962
81.632
82.75200000000001
83.516
84.05
84.974
85.648
86.1
87.13
87.7
88.714
88.942
89.03
90.06
90.07
90.534
91.008
91.60199999999999
91.526
92.476
92.43400000000001
92.50399999999999
92.85600000000001
92.984
93.432
94.038
93.78
93.62
93.78999999999999
94.134
93.628
94.15400000000001
94.72
94.068
94.43
94.296
94.62
94.648
94.57
95.05
94.76599999999999
94.922
95.08
95.19999999999999
94.964
95.02000000000001
95.288
95.0
95.478
95.28999999999999
95.108
95.48400000000001
95.768
95.89
95.5
95.596
95.37400000000001
95.584
95.702
95.562
95.694
96.02000000000001
95.938
95.836
95.616
95.91199999999999
95.91
95.906
95.88600000000001
95.61
95.702
95.858
95.758
96.17999999999999
96.53
96.394
96.49799999999999
98.92
99.70400000000001
99.81
99.874
99.888
99.894
99.926
99.924
99.936
99.958
99.946
99.956
99.97200000000001
99.954
99.952
99.958
99.946
99.95
99.952
99.966
99.968
99.96199999999999
99.954
99.964
99.96000000000001
99.97200000000001
99.97399999999999
99.97399999999999
99.958
99.976
99.968
99.97399999999999
99.97399999999999
99.97200000000001
99.966
99.966
99.97200000000001
99.97399999999999
99.968
99.96199999999999
99.966
99.97399999999999
99.976
99.976
99.966
99.966
99.97200000000001
99.964
99.978
99.968
