7.26
15.129999999999999
21.096
27.85
33.692
39.664
45.072
49.54
53.818
56.977999999999994
59.658
62.514
64.49000000000001
66.512
68.33
69.964
71.314
73.096
74.104
75.464
76.864
77.928
78.86
80.264
81.08999999999999
82.036
82.692
83.994
84.458
85.306
86.166
86.626
87.28399999999999
87.59400000000001
88.534
88.972
89.538
89.402
90.50399999999999
90.908
90.584
91.494
91.362
92.0
92.43
92.206
92.81
92.818
92.75
92.43
93.458
93.388
93.206
93.366
93.368
93.562
93.88
93.67
93.93599999999999
93.84599999999999
94.03399999999999
93.95400000000001
93.974
94.608
94.43599999999999
93.91199999999999
94.258
94.41199999999999
94.28
94.45599999999999
94.42399999999999
94.016
94.662
94.64
95.234
94.602
95.462
95.38
95.43199999999999
94.39999999999999
94.428
94.82000000000001
95.038
95.24000000000001
95.21
95.39800000000001
95.34
95.062
95.26599999999999
94.8
95.35
95.63000000000001
95.438
95.224
95.23
95.32000000000001
95.448
95.38799999999999
95.592
95.772
98.76
99.66000000000001
99.79400000000001
99.848
99.86
99.894
99.91600000000001
99.92
99.922
99.94
99.912
99.928
99.944
99.954
99.952
99.942
99.95
99.938
99.938
99.958
99.95
99.954
99.964
99.946
99.95
99.952
99.954
99.968
99.958
99.966
99.964
99.954
99.952
99.954
99.96199999999999
99.954
99.966
99.964
99.96000000000001
99.96000000000001
99.952
99.97200000000001
99.942
99.968
99.968
99.96199999999999
99.964
99.964
99.956
99.97200000000001
