4.106630587100983
3.5409426770210266
3.1855207862854003
2.860457163333893
2.564740574836731
2.2672557883262634
2.0240993494987487
1.8164789907932282
1.6400037035942077
1.5181564190387726
1.4046683061122893
1.3035105900764465
1.2203363795280457
1.1372872222661972
1.0693267066478729
1.0038065712451936
0.9529385755062103
0.8848125182390213
0.8473511950969697
0.806330523788929
0.748921887755394
0.7159581691622734
0.6778856312632561
0.6340538212060929
0.6024430975914001
0.5767005567550659
0.5481760920882225
0.5085533619523048
0.4930756893157959
0.45989432448148726
0.43622084298729896
0.42016732919216154
0.39835684528946874
0.39111608657240865
0.35873715791106225
0.34710594844818116
0.3298356180638075
0.32957208827137946
0.30227259247004984
0.2910339565128088
0.2925004171431065
0.2679226290881634
0.2704143669307232
0.2518555319607258
0.2455253878235817
0.24845425505936145
0.23540721280872823
0.23316120132803916
0.23424330274760724
0.24741100038588046
0.21100856102257967
0.21548099413514138
0.22084738305211069
0.21756664998829364
0.21654362300038338
0.21076011914759873
0.20116234709322453
0.20565787449479103
0.20130682233721017
0.20262062899768352
0.1982785160690546
0.19964131448417902
0.19879502838104962
0.17888813431560993
0.1837177224904299
0.2016604624018073
0.19207696148753167
0.18426165872067213
0.18868290999531745
0.18523572135716676
0.18550439393520354
0.19640026833117008
0.18173927207291127
0.17847398482263088
0.1600427613183856
0.1849481377899647
0.1560641396343708
0.15969733507931233
0.15677486013621092
0.18601231098920107
0.1865199199616909
0.17697039021551608
0.16905829418450594
0.1603691783770919
0.16150554908812045
0.1586440771818161
0.15819007685035466
0.16666553609073162
0.16383158179745078
0.17580057465285062
0.1572979884967208
0.15332391227036715
0.1537223004475236
0.16441914024949073
0.16229314986616372
0.16124040172994136
0.15327716532349586
0.15777013867348433
0.15229709839075803
0.14907263945043087
0.05177513152547181
0.02124530545854941
0.01588414229080081
0.013062564611434936
0.01154258787073195
0.010487686063628644
0.009625417288159951
0.00878841898450628
0.008177669597323984
0.00771274865232408
0.008106984474230557
0.0073694084761664275
0.006673540406860411
0.006522918088594451
0.006436717696720734
0.0062320361780002715
0.006103696523699909
0.006267247721552849
0.006139007574878633
0.005817939532920718
0.0057684152915608135
0.005764498649165034
0.00563384160795249
0.005431037569884211
0.00559190495335497
0.005484832220943645
0.005192298658192158
0.0050567854011897
0.005331500831758603
0.005384024773025885
0.00516640664380975
0.005350367416860536
0.005549274462275207
0.005248500770889223
0.005147088720230386
0.00517962367576547
0.005090340705122798
0.005141177529934793
0.005291749623836949
0.005096221788553521
0.005291156111052259
0.005063954464858398
0.005207960624247789
0.005041385198244825
0.005141646050848067
0.005047364087542519
0.005052617840934545
0.005196098214946687
0.005384521751431748
0.005092163553461432
