4.240259937008323
3.706467857141324
3.411509571173002
3.1186525681439567
2.839676256984701
2.534813238836615
2.2459782407716715
2.0098714929102632
1.8220822594659714
1.6649261475219141
1.5328307917050998
1.4100509165497996
1.3625145441735798
1.2590180935762119
1.1660231425024359
1.0947070364147196
1.0253061396081735
0.9674554112012429
0.9153642396792732
0.8580662847479896
0.8103114706476021
0.7623330216730952
0.7215795520778812
0.6756844262180426
0.6415952277915252
0.6091191588765215
0.5727473945568895
0.5414679958997175
0.5154512132067814
0.4888818305166786
0.46500806342762757
0.43885416009694417
0.41330586499570277
0.41349966545848893
0.38097527592688263
0.36146839145961623
0.3348638523189003
0.3204834506563518
0.29859950235280236
0.28180455288771167
0.2688715159511932
0.25152646618730884
0.24477964731128624
0.23646974931363865
0.22915283015088353
0.21515880195457307
0.20409029005738474
0.1957977913186678
0.18920412219470115
0.17732486984385248
0.1822421658412575
0.1827855656290298
0.16477274495508054
0.1515761256942054
0.15264840067728705
0.15805574735183545
0.14293936216998893
0.14424693748316803
0.15394493746940438
0.157583997358599
0.15797929743976544
0.14467120712713513
0.1377531588649201
0.12914416107260968
0.13777475224812621
0.13505324898549662
0.13339664929968012
0.14041153176704332
0.15111904911449192
0.15549319362282144
0.14164698463114325
0.1307757336960729
0.13972940214950105
0.14531006066657393
0.14142517165264204
0.12445735755135946
0.12697197270134222
0.12742897290784075
0.10886638006552711
0.11600838099484859
0.12130362486176173
0.13480311278682536
0.12722368406898835
0.1297285616340692
0.1292747240942305
0.12449150962178665
0.12234467152706192
0.13748893187478986
0.12629768906918634
0.13566648655230432
0.12452251116371216
0.12077388812399581
0.11040054616111014
0.09507786833188113
0.10961041187919925
0.12322938705191892
0.12446085143538997
0.11643980627360247
0.10886103867569848
0.11419656991844288
0.04517268409947758
0.02120106817339845
0.016736867710176254
0.014284408913301232
0.012980344461138977
0.01140596287246422
0.010772929528056432
0.009730945606870801
0.00963158838396125
0.008995108022961927
0.008591295911304062
0.008751021366437796
0.008013837371745606
0.00822232589792565
0.00814676855909912
0.007552666298430556
0.0074512717930976385
0.00758045879931039
0.0072830629379005
0.007429097534950508
0.006844041886908548
0.00689569931201008
0.006806302557239676
0.00663645331130918
0.007016907410953394
0.0066063952176114715
0.006572735573277068
0.006410839623840683
0.006497337615660504
0.006338242625417497
0.006523638929161803
0.00654301049647486
0.00642440646238949
0.006461376087892505
0.006682393329856379
0.006490078696366542
0.00654915855992633
0.0064015372667004305
0.006588879121762827
0.006331876484210343
0.006276291009048214
0.006415405495287589
0.006566440452561926
0.00657648228697212
0.0065494845752292275
0.0062465044595968085
0.006564877982086995
0.006375418289366852
0.00639356739933381
0.006462320168514538
