6.433999999999999
12.608
17.598
22.381999999999998
28.054000000000002
33.686
39.68
45.086
49.122
52.976
56.31
59.494
60.751999999999995
63.236000000000004
65.78
67.764
69.682
71.128
72.604
74.154
75.46000000000001
76.91799999999999
78.278
79.354
80.296
81.452
82.294
83.298
83.932
84.77
85.714
86.344
87.016
87.21
88.21600000000001
88.764
89.47800000000001
90.012
90.804
91.392
91.906
92.35799999999999
92.66
92.916
93.08800000000001
93.626
93.978
94.39
94.552
95.04
94.796
94.812
95.44399999999999
95.952
95.80199999999999
95.58
96.148
96.112
95.76400000000001
95.596
95.666
96.152
96.37400000000001
96.642
96.27
96.528
96.422
96.286
96.036
95.808
96.236
96.554
96.36
96.048
96.248
96.884
96.75399999999999
96.698
97.31
97.17
96.934
96.532
96.734
96.67999999999999
96.818
96.784
96.93
96.54599999999999
96.794
96.604
96.762
97.08
97.37599999999999
97.77799999999999
97.36
96.916
96.914
97.178
97.424
97.154
99.194
99.79
99.836
99.888
99.892
99.92999999999999
99.912
99.942
99.934
99.95
99.952
99.936
99.96199999999999
99.95
99.938
99.954
99.96000000000001
99.944
99.968
99.95
99.96000000000001
99.976
99.956
99.966
99.96000000000001
99.98
99.978
99.97399999999999
99.968
99.97
99.96199999999999
99.968
99.976
99.97399999999999
99.96000000000001
99.968
99.97200000000001
99.966
99.95
99.97399999999999
99.97399999999999
99.96000000000001
99.964
99.968
99.966
99.97
99.97
99.968
99.964
99.96000000000001
