4.095580049037934
3.5129312829971315
3.149568640708923
2.8613276228904723
2.582392020225525
2.294276603460312
2.0304439556598664
1.8282918565273285
1.6617471973896027
1.5316060996055603
1.4139893653392792
1.3251706819534301
1.2451805634498596
1.157462191104889
1.1059681078195571
1.0452288348674774
0.9879982087612152
0.935749012708664
0.8788890633583069
0.8533831646442414
0.7988753569722176
0.7557764161229134
0.7216915256977081
0.6847779809832573
0.6500254778265953
0.6180936275720597
0.5956685758829117
0.5640679377913475
0.5454808105230331
0.5247841935753822
0.4912300382256508
0.47281994989514353
0.4497321741878986
0.4407435081899166
0.42059099817276
0.40498788192868235
0.398181292116642
0.37698488649725914
0.3657875018715858
0.3475259519517422
0.34432697209715846
0.3279026262164116
0.3141865322291851
0.31772111129760744
0.30645749565958974
0.3024741799533367
0.29764321029186247
0.29108333656191826
0.2823905395269394
0.2900306020230055
0.2853762713074684
0.2635773703455925
0.2629363237917423
0.25467093750834463
0.24785009562969207
0.247466798633337
0.266974716424942
0.24510128895938396
0.2339126106053591
0.24293252362310885
0.24141887807846069
0.23450712917745115
0.23352504053711892
0.22980101463198663
0.25655263386666777
0.2322564145475626
0.22405298798531295
0.23622085434198378
0.22553680665791034
0.21941116699576377
0.20925105459988116
0.21546811440587044
0.22197535274922847
0.21586589978635312
0.22175437092781067
0.20643080477416514
0.19484912373125554
0.21350794553756713
0.1910403285473585
0.21213980814814568
0.205742143034935
0.21094180881977082
0.20023089851439
0.201129308372736
0.19386272832006216
0.20648819231987
0.20048238249123096
0.20552628659456967
0.21800591719150544
0.20336983570456504
0.19713803751766681
0.19571350318938494
0.195897826038301
0.1871068221256137
0.19883023143559694
0.200837905600667
0.17604584822058678
0.18357913451641797
0.20457408787310125
0.20329976845532655
0.07130551447719335
0.03619592077098787
0.026769456474110484
0.02225916959811002
0.019730145869776606
0.017464253675658258
0.015628131688572466
0.013777859623543918
0.013261204499285669
0.012916243734303862
0.011771795734763146
0.011770824950188398
0.011093272717669606
0.010073440946638585
0.010145797632634639
0.010292769888415933
0.009981307723093778
0.009297783429734408
0.009232694085221737
0.009042890202719717
0.008887488124193623
0.008868845854420215
0.008672511113341897
0.008400736770126968
0.008433551018591971
0.007947117678821086
0.008378221802413464
0.0077998379548080265
0.008083413591142743
0.008122991864103824
0.00824045740859583
0.00816984732169658
0.007779406725428998
0.008016537826508284
0.007565655129961669
0.0077904420951381325
0.007880365443881602
0.007558467782102525
0.0073968490110710265
0.0076922005554661155
0.007828871847130358
0.007481533287093043
0.007675790097564459
0.007991180893965066
0.007584125751629472
0.00801006612717174
0.007246084379963577
0.007842601436190307
0.007403272196650505
0.0074696747632697225
