7.66
15.588
22.067999999999998
27.552
33.236
39.066
44.82
49.716
53.391999999999996
56.464000000000006
59.556
61.452
63.892
65.938
67.23599999999999
68.886
70.192
71.834
73.372
73.846
75.402
76.498
77.584
78.88
79.804
80.55799999999999
81.382
82.324
82.69800000000001
83.52199999999999
84.638
85.064
85.734
85.83
86.8
87.168
87.28
88.20599999999999
88.5
88.956
89.176
89.63
90.054
90.008
90.29
90.462
90.754
90.866
91.256
91.00200000000001
91.146
91.914
91.77199999999999
92.08800000000001
92.278
92.31
91.818
92.472
92.818
92.548
92.532
92.816
92.86
93.024
92.274
92.95
93.258
92.86
93.154
93.372
93.742
93.416
93.214
93.512
93.328
93.80199999999999
94.188
93.504
94.218
93.572
93.798
93.72200000000001
93.998
93.92200000000001
94.296
93.77
94.128
93.848
93.388
93.99
94.04400000000001
94.11
94.208
94.504
94.174
94.062
94.896
94.742
93.988
93.774
98.304
99.30600000000001
99.536
99.69
99.75
99.786
99.79599999999999
99.854
99.86
99.85199999999999
99.868
99.878
99.898
99.91799999999999
99.896
99.9
99.90400000000001
99.936
99.926
99.934
99.928
99.944
99.928
99.942
99.926
99.94800000000001
99.936
99.94800000000001
99.966
99.94
99.94
99.942
99.946
99.944
99.96000000000001
99.944
99.944
99.956
99.968
99.96000000000001
99.94
99.964
99.94800000000001
99.936
99.94800000000001
99.938
99.964
99.95
99.966
99.952
