4.095128169145121
3.5221334552520984
3.172903126158068
2.8504896901757517
2.5467791965855358
2.265854414466702
2.031754781523019
1.8423225090021977
1.6881358248498433
1.5546711543027092
1.4467411358338182
1.354511838130024
1.2610184118875762
1.1833889210010733
1.1137298005621146
1.0531225957529013
0.9966423923097303
0.9321862498817541
0.8727921255104377
0.8240428304733218
0.7874298088843256
0.7318427380545974
0.692423101276388
0.6638768897641956
0.6243561018458412
0.5839525274456004
0.5674207994090322
0.5262205068717527
0.49896617984527825
0.480763851910296
0.444702111775308
0.4428694787842538
0.40883400559882677
0.3959297888800311
0.3742919802055944
0.348444922500864
0.3434205203486221
0.3182772746323929
0.29775531327023225
0.29409277463889183
0.2804944003215226
0.2639619650323982
0.2671937651341528
0.25803190256323655
0.25641229958333017
0.23476827851570475
0.230462270491111
0.22176619403807404
0.21547769528368246
0.2129695069835619
0.20581137316534892
0.21588016156574039
0.20567393483941818
0.1903851811042832
0.1817966492851372
0.17194289146253214
0.1978626134412368
0.19070907718385272
0.18103785892886579
0.17347773320763313
0.17247045813771464
0.17077801336565285
0.17262632439813347
0.17872811516608728
0.15479337276362093
0.16922380152108418
0.180051107464544
0.16921741029490595
0.15796258773111627
0.16889049733996087
0.1895624260653925
0.17471279080985758
0.1737021992407034
0.17261244610066304
0.15225466371268567
0.1506419956131512
0.16745168702376773
0.15705721770101191
0.16929410066446074
0.17115774201919964
0.16325604857500556
0.16574496596746738
0.16355818957852586
0.15259527353107777
0.15441150462154843
0.1499577829676211
0.13818435034597926
0.15367582378446903
0.16315396318731407
0.1517233523204351
0.14607022858946525
0.15182916899128338
0.15433624967018053
0.13681162505046182
0.14605332528957932
0.14427639704073786
0.15183994985754837
0.1498976327917155
0.14530661547809
0.15501361354575743
0.057790525672037886
0.026015143712882497
0.0192571834225179
0.016267253742184098
0.013933883448753058
0.012445672602771456
0.011377318756288047
0.010932520683378438
0.010307201037845572
0.009542323089183291
0.009405495154688043
0.008528861488141786
0.008612619306834992
0.008333241307984114
0.0077433996783840995
0.007434269697393489
0.007470312638475043
0.0069293568948107535
0.007065495863185286
0.007168411226321459
0.0070265678803810416
0.006902259811425529
0.00657665117255524
0.006582621972093268
0.006240527678812232
0.0058944781383504265
0.006206939527479089
0.006201417037688405
0.006244628116740938
0.006199822256155788
0.005921424286144659
0.006319087498602183
0.006051809344169162
0.006179150849547418
0.0058711372307546986
0.006028917829489426
0.006162291597229574
0.006304885969673524
0.0062573613498307515
0.006151754375728195
0.005861369019988781
0.005892319424325586
0.0057397012931087515
0.006039717649419308
0.005487890058087514
0.005820040457079287
0.005823937276868945
0.0060340023213697365
0.006002930526519218
0.00579181375652504
