7.55
15.594
21.758
27.778000000000002
33.867999999999995
39.602
45.056000000000004
49.364000000000004
52.734
55.800000000000004
58.704
60.888
63.385999999999996
65.36800000000001
66.93
68.80199999999999
70.184
71.99
73.482
74.996
75.712
77.476
78.35
79.186
80.606
81.554
82.242
83.41
84.134
84.81
85.988
85.92
86.86
87.292
87.92999999999999
88.82600000000001
89.07000000000001
89.922
90.518
90.67
91.144
91.634
91.486
91.928
91.93
92.58999999999999
92.88
93.06
93.254
93.446
93.65599999999999
93.182
93.536
94.114
94.506
94.71000000000001
93.964
94.092
94.488
94.754
94.854
94.814
94.808
94.57
95.488
94.91199999999999
94.528
94.82199999999999
95.3
94.806
94.162
94.72
94.744
94.862
95.482
95.524
95.074
95.34
94.88799999999999
94.94200000000001
95.12
95.038
95.18799999999999
95.48400000000001
95.478
95.57
95.966
95.52000000000001
95.17
95.54599999999999
95.704
95.568
95.52000000000001
96.07
95.758
95.804
95.50800000000001
95.624
95.822
95.428
98.574
99.53999999999999
99.71600000000001
99.786
99.822
99.83800000000001
99.874
99.9
99.874
99.888
99.886
99.91600000000001
99.892
99.926
99.934
99.92999999999999
99.928
99.934
99.946
99.934
99.94
99.934
99.95
99.934
99.946
99.966
99.958
99.956
99.94
99.944
99.966
99.958
99.952
99.954
99.954
99.964
99.942
99.94800000000001
99.938
99.94
99.958
99.96000000000001
99.954
99.954
99.966
99.96000000000001
99.952
99.952
99.946
99.98
