4.985347
4.396999
3.951790
3.584746
3.304125
3.069488
2.862302
2.683040
2.531889
2.394249
2.268785
2.158625
2.053762
1.964771
1.877785
1.783035
1.723754
1.644955
1.588109
1.523160
1.468560
1.408808
1.359325
1.318523
1.270931
1.220469
1.181357
1.144863
1.108368
1.072515
1.041824
1.014791
0.985301
0.957078
0.927438
0.901289
0.884404
0.852679
0.835968
0.821187
0.792067
0.767557
0.755188
0.735045
0.713840
0.684417
0.676612
0.661397
0.645458
0.631167
0.622134
0.612352
0.605180
0.584723
0.566364
0.555616
0.556432
0.548306
0.534671
0.533244
0.511188
0.509978
0.502543
0.500631
0.476116
0.478655
0.470760
0.466115
0.464875
0.453441
0.447081
0.458965
0.449274
0.433676
0.427305
0.426700
0.423990
0.413667
0.413957
0.403089
0.411466
0.400576
0.398509
0.395277
0.385784
0.389110
0.390818
0.377686
0.387319
0.385103
0.378596
0.369592
0.362410
0.365088
0.351920
0.368655
0.367119
0.376302
0.364370
0.366325
0.115712
0.053374
0.039156
0.032363
0.026907
0.025193
0.023088
0.020827
0.020021
0.018336
0.017134
0.016526
0.015745
0.015564
0.015098
0.014496
0.014047
0.013734
0.013683
0.013072
0.013023
0.012685
0.012694
0.012516
0.012367
0.012419
0.011805
0.011845
0.012091
0.011918
0.011746
0.011960
0.011778
0.011468
0.011850
0.011646
0.011449
0.011596
0.011537
0.011566
0.011912
0.011847
0.011561
0.011442
0.011649
0.011766
0.011532
0.011675
0.011695
0.011885
0.011666
0.011265
0.011460
0.011438
0.011587
0.011165
0.011256
0.011187
0.011289
0.011221
0.011325
0.011058
0.011392
0.011168
0.011277
0.011551
0.011097
0.011190
0.011424
0.011279
0.011444
0.011070
0.011386
0.011159
0.011178
0.011319
0.011208
0.011240
0.011024
0.011288
0.011124
0.011525
0.011203
0.011046
0.010982
0.011342
0.011413
0.011073
0.011117
0.011277
0.011325
0.011167
0.011282
0.011553
0.011297
0.011069
0.011298
0.011033
0.011257
0.011204
