3.022000
8.386000
14.039000
19.428000
24.116000
28.215000
32.267000
35.591000
38.807000
41.589000
44.047000
46.440000
48.665000
50.546000
52.334000
54.426000
55.864000
57.620000
59.058000
60.506000
61.731000
62.987000
64.147000
65.018000
66.081000
67.318000
68.160000
69.124000
69.893000
71.019000
71.576000
72.293000
72.919000
73.649000
74.316000
75.095000
75.430000
76.245000
76.681000
77.073000
77.849000
78.297000
78.817000
79.299000
79.834000
80.781000
80.734000
81.214000
81.790000
82.090000
82.308000
82.497000
82.690000
83.241000
83.918000
84.188000
83.992000
84.371000
84.637000
84.712000
85.313000
85.350000
85.509000
85.694000
86.422000
86.295000
86.561000
86.812000
86.531000
87.055000
87.302000
86.858000
87.174000
87.607000
87.849000
88.002000
87.870000
88.284000
88.210000
88.533000
88.302000
88.654000
88.645000
88.838000
89.016000
88.926000
88.879000
89.325000
89.057000
89.169000
89.292000
89.477000
89.777000
89.787000
90.059000
89.640000
89.771000
89.348000
89.663000
89.696000
97.301000
99.022000
99.409000
99.554000
99.679000
99.698000
99.758000
99.799000
99.795000
99.857000
99.865000
99.844000
99.889000
99.890000
99.888000
99.911000
99.905000
99.920000
99.917000
99.918000
99.919000
99.933000
99.924000
99.937000
99.919000
99.930000
99.941000
99.948000
99.947000
99.947000
99.945000
99.938000
99.947000
99.944000
99.952000
99.952000
99.956000
99.951000
99.955000
99.953000
99.938000
99.955000
99.962000
99.948000
99.954000
99.953000
99.962000
99.959000
99.959000
99.962000
99.960000
99.964000
99.965000
99.964000
99.960000
99.970000
99.972000
99.965000
99.960000
99.968000
99.968000
99.971000
99.969000
99.966000
99.960000
99.966000
99.967000
99.968000
99.971000
99.967000
99.964000
99.975000
99.968000
99.972000
99.974000
99.961000
99.963000
99.966000
99.965000
99.970000
99.968000
99.969000
99.965000
99.973000
99.967000
99.962000
99.960000
99.974000
99.974000
99.963000
99.967000
99.973000
99.970000
99.966000
99.968000
99.968000
99.970000
99.963000
99.969000
99.967000
