7.236
15.908
22.88
29.564
36.606
42.95
47.948
52.336000000000006
55.348
58.406000000000006
60.626000000000005
63.080000000000005
64.968
67.04599999999999
68.298
69.612
70.92
72.402
73.56200000000001
74.554
75.494
76.89399999999999
77.51
78.82000000000001
79.608
80.354
81.43
82.114
83.00800000000001
83.494
84.42399999999999
84.76599999999999
85.414
85.798
86.37
87.076
87.374
87.746
88.33
88.452
89.14800000000001
89.092
89.458
90.156
90.122
90.29599999999999
90.566
90.702
91.166
91.47999999999999
91.29599999999999
91.896
91.598
91.74600000000001
92.214
91.684
91.976
91.974
92.618
92.376
92.11200000000001
92.536
92.99199999999999
92.676
92.55
93.054
92.46600000000001
93.44
93.186
93.642
93.376
93.45400000000001
93.146
93.234
93.146
94.134
93.78999999999999
93.404
93.568
94.074
93.986
93.522
94.038
93.762
94.3
93.89800000000001
93.83200000000001
93.812
94.6
93.812
93.84400000000001
94.214
94.246
94.45
94.49
94.364
94.04
93.62
94.628
94.64399999999999
98.366
99.36
99.624
99.732
99.772
99.846
99.85000000000001
99.846
99.888
99.862
99.888
99.90400000000001
99.908
99.892
99.91799999999999
99.932
99.926
99.932
99.92999999999999
99.936
99.94800000000001
99.946
99.936
99.932
99.94800000000001
99.944
99.944
99.954
99.958
99.942
99.94800000000001
99.95
99.94800000000001
99.946
99.97399999999999
99.958
99.954
99.96199999999999
99.958
99.958
99.946
99.956
99.954
99.938
99.96000000000001
99.96000000000001
99.946
99.95
99.952
99.95
