4.120859250545502
3.496771776676178
3.106491991043091
2.7480502247810366
2.3935695753097534
2.1094891617298126
1.8845101540088653
1.713211603164673
1.5813104689121247
1.4554638592004776
1.3563813722133637
1.2762344554662703
1.197578372836113
1.1202235924005508
1.0687184419631959
1.0163786050081254
0.9627755777835846
0.9149139691591263
0.8707858346700669
0.830605493068695
0.7982060773968697
0.7505493649244308
0.7269395805001259
0.6801983233094215
0.6549870676398277
0.6277263493537902
0.5904472992420197
0.5701191275119781
0.5386309932470321
0.520683111667633
0.4966771911382675
0.48100476253032687
0.4577229807972908
0.4409644745290279
0.4292483517825603
0.4023472739756107
0.3942155948281288
0.3837418398559094
0.3681104429960251
0.35970067182183263
0.3381514686644077
0.3425121832638979
0.33137970247864723
0.3117316029369831
0.3081676530987024
0.3053909692764282
0.2986375693678856
0.2923457726687193
0.2857750618159771
0.27008741530776026
0.27856768724322317
0.2613524058461189
0.2677959618419409
0.2665004853904247
0.2491452880948782
0.26266480185091495
0.25826061798632144
0.2581813725233078
0.2356589144319296
0.24362137925624847
0.2545514420121908
0.24334481453895568
0.2315383509248495
0.2374043325036764
0.2403051313906908
0.22735725875198842
0.24408950723707676
0.21697883465886117
0.2214296284019947
0.2100844824165106
0.21779032383859157
0.21454274240136145
0.22366931822896002
0.21992706505954265
0.22399777756631375
0.19512262184917928
0.20566070979833603
0.21681625778973102
0.21306955534219743
0.19720663744211198
0.2014448820874095
0.21528653126955033
0.1999984952285886
0.2066880861222744
0.19133825241029262
0.20070169722288847
0.20680844043195248
0.20521319092810153
0.18098875617980956
0.2056591710820794
0.20795154932141305
0.19056549029052258
0.1871351038441062
0.18933541525900363
0.1853149241656065
0.1909495420306921
0.19711632834374904
0.20991464717686176
0.18339794524013997
0.18067174374312162
0.06722738168016076
0.03242849034443498
0.023269674018025398
0.019422672131098807
0.016833665291313082
0.014979954494163394
0.013399445645511151
0.012854167802724987
0.011747438895981758
0.011564167613629252
0.010565826031379401
0.010040020101703703
0.00966802401142195
0.009686907369177789
0.008754411401459947
0.008670955226290971
0.008326864873990416
0.008375320220831782
0.00821120433183387
0.007927216933574528
0.007593741914490238
0.007498077951837331
0.00738735056319274
0.007654139303835109
0.007346297689713538
0.00720596990827471
0.007175538099603728
0.006997026430908591
0.006905505200382322
0.007049436945701018
0.007000713641289622
0.007002007300499827
0.007141362534370274
0.006734312104526907
0.006668511555530131
0.006617005649954081
0.006832750605419278
0.006818863689666614
0.00675297913281247
0.006887862057425082
0.007110763903008774
0.006627878475934267
0.006912942667491734
0.006804234048817307
0.006898076947312802
0.006623908301116898
0.006764101701322943
0.006630481882020831
0.006568997186142951
0.006672806737478823
