4.121698170976566
4.107516909499303
3.518963732073069
3.1655491886236478
2.8502915673853493
2.53872779568138
2.2542299004771826
2.022237460936427
1.8351526296961949
1.678094183087654
1.5543499489879364
1.441128004542397
1.3464091677799859
1.2687009800120692
1.1917976512933326
1.128442275097303
1.0679075539569416
1.006016083842958
0.9533640001436023
0.9031915588452079
0.8522920693887774
0.8084924920745518
0.770118025333985
0.7252893042381462
0.7035940958715766
0.6606514704654284
0.6335646943820407
0.6003344639030563
0.576286034663315
0.5467326577819521
0.5161560892753894
0.5018054631055163
0.4781138715155594
0.4595204364613194
0.4406157267825378
0.4083893331115508
0.3911529033613937
0.38822289394295734
0.36994567623986
0.35699730818076514
0.35014034803870997
0.330080410822883
0.31122081530520984
0.3086386170533612
0.2941315867330717
0.2870120837941499
0.26821769366178977
0.27632047535132265
0.25711006692150973
0.2577174826694267
0.25597481141843453
0.2352193974701645
0.2365008929691961
0.22875612221486732
0.2137525933592216
0.21896037855721495
0.21285329029307037
0.2187147116112282
0.22022898011195385
0.21301576308429698
0.19687979367306774
0.2133526816926039
0.20659722058135835
0.1924368303145289
0.1988715222272117
0.20181761920223457
0.19101006067012583
0.19775678253615908
0.1778549967367021
0.17930771883034036
0.18772355659538523
0.18730934607365246
0.18159286656876658
0.18297784089508567
0.18327142225811854
0.1864950528458866
0.1998049447603543
0.1860826808549559
0.19492306914704535
0.17592178625257118
0.18555978580813884
0.1857790117678435
0.18348970045061672
0.18385872700254022
0.1671465880540021
0.17222520943416658
0.17342478976301526
0.17048067532841812
0.17820224350751818
0.18221338783078792
0.17176861817117237
0.1651474250399548
0.16570623239973928
0.16064919074973488
0.16504786196915086
0.1675220153597005
0.1645654702220884
0.16828031378710057
0.17554059618955378
0.15307400730031226
0.15832968376329182
0.06419720625995523
0.032529270407431726
0.025363997284732664
0.02210711177243182
0.01946507667874932
0.017327571833206108
0.015922048569792676
0.015046738512704478
0.01354374361874731
0.013318704269693026
0.012610769346523125
0.01245379083625534
0.011765202358507972
0.011236169782188504
0.010874977870070187
0.010628787546997408
0.010279989137392863
0.01028692535222377
0.009822153208224708
0.009435072373312986
0.009731657927512856
0.009187308185355132
0.009692054751026623
0.00906944047907353
0.009150229081811618
0.008409425396534146
0.0086303452343044
0.008732520023603802
0.008392478334014792
0.008467750317152694
0.008248179597194162
0.008720821733741314
0.008715214014239133
0.008322457672761338
0.008528661700394338
0.00853071244888465
0.008076884250854477
0.008285264214834252
0.008198974500445988
0.008377054869971427
0.008444501701004022
0.008539935735309177
0.008333749872634707
0.00811427141315854
0.008521708525845882
0.008026660447392394
0.008236080351526209
0.007779470742549128
0.008235270668373769
0.008278065721344803
