7.248
7.384
15.512
21.872
27.926000000000002
33.704
39.632
44.836
49.142
52.93600000000001
55.84400000000001
58.418000000000006
60.976
63.09
64.87
66.792
68.228
69.962
71.248
72.604
74.09400000000001
75.134
76.496
77.724
78.3
79.27
80.148
81.23599999999999
82.044
82.914
83.674
84.186
84.844
85.53399999999999
86.10600000000001
86.99799999999999
87.554
87.656
88.202
88.7
88.804
89.542
90.152
90.13600000000001
90.766
91.032
91.44200000000001
91.24600000000001
92.04
91.93
92.118
92.594
92.58999999999999
93.052
93.49
93.324
93.506
93.27
93.298
93.574
94.202
93.51
93.866
94.238
93.94
93.896
94.356
94.03200000000001
94.652
94.608
94.348
94.526
94.64200000000001
94.56400000000001
94.608
94.45400000000001
94.004
94.538
94.21199999999999
94.86
94.55799999999999
94.482
94.53200000000001
94.582
95.084
95.06400000000001
94.884
94.94
94.746
94.58
95.082
95.284
95.152
95.342
95.304
95.162
95.248
95.23
94.83
95.612
95.452
98.52
99.452
99.592
99.678
99.714
99.78200000000001
99.802
99.82
99.866
99.848
99.88
99.86
99.854
99.886
99.90400000000001
99.896
99.912
99.91600000000001
99.908
99.898
99.90599999999999
99.92999999999999
99.914
99.922
99.924
99.956
99.944
99.934
99.954
99.936
99.94
99.924
99.934
99.932
99.94
99.942
99.952
99.94800000000001
99.936
99.952
99.932
99.928
99.94
99.938
99.924
99.952
99.942
99.936
99.94
99.924
