6.916
15.254000000000001
22.189999999999998
29.168
36.298
42.712
48.443999999999996
52.370000000000005
56.052
58.738
61.646
64.02600000000001
65.97
67.84
69.88799999999999
71.086
72.578
73.7
75.142
76.25
77.568
78.53999999999999
79.232
80.606
81.096
81.918
82.986
84.16799999999999
84.41199999999999
85.34
85.638
86.82600000000001
86.868
87.614
87.968
87.988
88.42
89.608
89.554
89.756
90.036
90.694
90.668
90.874
91.386
91.39399999999999
91.898
91.36
91.92
92.176
91.932
92.192
92.244
92.266
92.80199999999999
93.07600000000001
92.752
92.84400000000001
93.258
92.806
92.896
93.522
93.448
93.022
93.138
93.12
93.99
93.726
93.706
93.874
94.03399999999999
93.42399999999999
93.93599999999999
93.93
93.856
94.128
94.00800000000001
93.752
94.27799999999999
93.75
93.69800000000001
94.342
94.314
93.65599999999999
94.08
94.0
94.072
94.21199999999999
94.52199999999999
94.52000000000001
94.16799999999999
93.96600000000001
94.39800000000001
94.572
94.78999999999999
94.396
94.608
94.19
94.744
94.74000000000001
98.07000000000001
99.386
99.638
99.68599999999999
99.774
99.81
99.86
99.82600000000001
99.884
99.864
99.886
99.894
99.91600000000001
99.888
99.914
99.934
99.936
99.934
99.912
99.932
99.942
99.94
99.952
99.932
99.922
99.94
99.964
99.952
99.942
99.94
99.956
99.96199999999999
99.954
99.95
99.92999999999999
99.944
99.934
99.96000000000001
99.956
99.946
99.946
99.938
99.942
99.96199999999999
99.952
99.97399999999999
99.954
99.954
99.96000000000001
99.94800000000001
