4.147990058898926
3.5229420952796935
3.1353812189102173
2.774357630252838
2.4143207182884217
2.112149906396866
1.8707422971725465
1.6919670522212982
1.5473931695222856
1.4312979238033294
1.3278411900997162
1.2363734669685364
1.1509551513195038
1.0829369891881944
1.016256296634674
0.96315756046772
0.9106488707065582
0.8658980611562729
0.8156129412055015
0.7758751087188721
0.7295455598831176
0.6895195745825767
0.6657390865087509
0.6215809271931648
0.6027217374444008
0.5724249047636986
0.5363506053090096
0.5074149150252342
0.49188618728518485
0.4677687163054943
0.4516050280034542
0.4198400454223156
0.41270909771323205
0.3903250446617603
0.3776125518679619
0.37380376759171485
0.36128278109431267
0.33061343416571615
0.3327423953264952
0.32052433061599733
0.31195741227269175
0.2948072602301836
0.2979132623821497
0.28915022319555284
0.275932611733675
0.2731496356874704
0.2627771722078323
0.27538776387274266
0.2583970975279808
0.25062605188786985
0.2585802054107189
0.2506648259758949
0.24905922569334507
0.2502828041166067
0.23699177274107933
0.22720010118186473
0.23555940398573874
0.23153177715837955
0.22327369725704194
0.23517350150644778
0.23356760282814504
0.2181971830278635
0.21478406450152396
0.23017425967752933
0.22620081312954426
0.22731415520608425
0.2015555406957865
0.2113560961931944
0.21069901986420156
0.20480231186747552
0.19932550163567067
0.21676339472830294
0.20282405541092158
0.2034507389962673
0.20159840112924576
0.2016035343259573
0.19938187680393457
0.20544851690530777
0.19518657766282557
0.20856063149869442
0.2095438743084669
0.18911288465559484
0.1908511534295976
0.20868077827990056
0.19625929563492536
0.20040689434856176
0.20367292167246343
0.1975035168901086
0.18805776350200176
0.18634679568558932
0.19494632063806058
0.20166313292086124
0.18871311066299676
0.18329368786513806
0.17893659066408873
0.18497516594082117
0.18266489811241626
0.1983320973366499
0.1801597504913807
0.18066589262336494
0.0767297513987869
0.03318705198727548
0.024924897253513337
0.02152596166264266
0.017903766332194208
0.015943959310650825
0.014314968248829246
0.014173530334141106
0.012687417786102741
0.012128270854242146
0.011278049059677869
0.011263417701236903
0.01035789321595803
0.010190870598424226
0.009498995347879827
0.008945745550096034
0.00913605130603537
0.009096588257234544
0.008708834851160646
0.008584292576881125
0.008425371452234685
0.00792408189876005
0.00782279691984877
0.007940552120096981
0.008043936941307037
0.007451548920013011
0.007281456082127988
0.007199040430597961
0.007630718416301534
0.0072840754562057556
0.007178153360262513
0.007234199269209057
0.007364739447832108
0.0073205256834626194
0.007672207887284458
0.007394497422501445
0.007703192059881985
0.007338577738497406
0.0073347856430336835
0.007066990989726037
0.007334792508278042
0.007366148272994906
0.007354753751773387
0.007110664498526603
0.007203095759730786
0.007008216249523684
0.0070896914605982604
0.00712661168910563
0.006987582863308489
0.0071246977944392715
