7.359999999999999
15.484
22.368
28.621999999999996
35.27
41.378
46.604
51.236000000000004
54.779999999999994
58.02
60.636
62.698
65.24799999999999
66.99000000000001
68.392
70.30999999999999
71.24000000000001
72.786
74.112
75.564
76.578
78.014
78.55199999999999
79.892
80.872
81.648
82.72800000000001
83.674
84.136
84.834
85.81800000000001
86.496
87.194
87.29400000000001
87.96000000000001
88.59
88.652
89.82
89.694
89.86800000000001
90.46600000000001
91.104
90.988
91.434
91.58
91.712
92.148
92.27
91.686
92.538
92.55799999999999
92.168
92.92
92.444
92.702
92.728
92.93400000000001
93.04
93.104
93.082
92.93599999999999
93.716
93.592
93.66
93.61
93.72200000000001
94.128
93.824
93.93599999999999
93.402
94.112
94.67
94.102
93.92399999999999
94.208
94.438
94.476
94.004
93.858
94.1
94.562
95.06599999999999
94.83
94.418
94.542
94.64
95.038
94.658
94.798
94.852
94.28800000000001
94.908
94.56
95.208
95.024
94.46
94.826
95.096
94.574
94.84
98.47200000000001
99.534
99.688
99.778
99.858
99.87
99.864
99.87
99.892
99.91799999999999
99.90599999999999
99.91
99.91600000000001
99.912
99.932
99.958
99.928
99.92
99.926
99.91799999999999
99.934
99.966
99.94800000000001
99.94
99.954
99.96000000000001
99.942
99.96000000000001
99.944
99.954
99.952
99.956
99.96199999999999
99.958
99.944
99.958
99.94800000000001
99.95
99.952
99.944
99.95
99.954
99.96000000000001
99.964
99.956
99.94800000000001
99.958
99.956
99.95
99.958
