4.107938614845276
3.515998378753662
3.1531471905708313
2.8098338527679445
2.4786008808612823
2.1822080600261686
1.9531278529167175
1.7569256246089935
1.6079406695365905
1.4782451177835465
1.3752816095352174
1.2796571263074874
1.1913605239391327
1.1184612694978715
1.0581838740110396
0.9982250641584396
0.9487732329368591
0.8995702564716339
0.8476165176630021
0.800381547510624
0.7658349742889404
0.7115190635323525
0.6848059684038162
0.6470226258635521
0.6171865841150284
0.5824168999195098
0.5468488038778305
0.5182727684378624
0.5053290963768959
0.47845498454570773
0.44700557047128675
0.42818116647005083
0.406044223099947
0.3953179743885994
0.3760558190345764
0.35723048213124275
0.3542905266135931
0.32238758996129036
0.3273923694193363
0.32040352718532084
0.3026479439139366
0.2825944570451975
0.286512484267354
0.271935202807188
0.26858528624475003
0.26319753274321556
0.25134967678785325
0.24658964556455612
0.263510777965188
0.24184699455648662
0.23876764616370202
0.2517818652912974
0.22896406431496144
0.2393079963326454
0.2336736150085926
0.2315853104442358
0.2250264986306429
0.22563665027916432
0.22382355163991452
0.2242891070395708
0.22591914470493793
0.2067644764482975
0.20847347417473794
0.20960354372859002
0.2106153008490801
0.20866055420041085
0.19534160413593055
0.20401672264933587
0.20413686227053404
0.2177654498144984
0.19640169610083102
0.18045521304756404
0.1973138278722763
0.2011771906465292
0.1918409149646759
0.18548404906690122
0.1845029171332717
0.195580200009048
0.2004183629155159
0.19494321854412555
0.18233978541940452
0.1648559927791357
0.17465387635678054
0.1886381188556552
0.18404666544497014
0.18110794538259506
0.17071089438349007
0.1815639875680208
0.17752601885795594
0.17455727212876082
0.19102294421195984
0.1745010144189
0.18211790221184493
0.16084109849482775
0.1683521104156971
0.18244111964851617
0.17351482611894609
0.1693262582793832
0.18586892638355493
0.17304303503781557
0.06332946407794952
0.027050760569050907
0.019514102154877037
0.01641264280118048
0.014159074441995472
0.012160338948015124
0.011759032629895956
0.010875425594393164
0.010102653039153666
0.009037879967596382
0.008942673644982278
0.008944171994924545
0.008401501202955842
0.008099753118585795
0.00773591959476471
0.006917163931764662
0.007303245548391715
0.007329429026693105
0.007060064999619499
0.00705293841753155
0.006634060450829565
0.006440078849904239
0.006536156606860459
0.006443979860516265
0.006225124081131071
0.005833532178774476
0.0061555283444467935
0.005884839009260759
0.00612873564241454
0.005709609644953161
0.005941677796421572
0.005874606583500281
0.005908690218348056
0.005716354285599664
0.005892594011500478
0.00593671260215342
0.005838319881353527
0.005780168506549672
0.005752451199106872
0.005989034977275878
0.005791048059472814
0.005781011113664135
0.005724815730703995
0.006061523859389126
0.005783353513106704
0.005632827518740669
0.005775258685462177
0.005753757020458579
0.00588054199423641
0.005753455736674368
