7.462000000000001
16.186
23.604
32.208
40.812
46.583999999999996
51.604000000000006
55.69
59.196000000000005
61.617999999999995
64.17
66.178
68.096
69.55799999999999
71.152
72.6
74.048
75.1
76.588
77.794
78.426
80.154
80.688
81.626
82.67
83.27799999999999
84.11999999999999
84.882
85.81400000000001
86.116
86.934
87.52600000000001
87.858
88.628
89.374
89.498
90.214
90.996
90.754
91.308
91.97
91.816
91.83200000000001
91.932
92.596
92.67800000000001
93.136
92.91
93.704
93.25
93.734
93.622
93.91199999999999
93.704
93.894
94.214
93.804
93.682
93.69
93.548
94.974
94.77
94.108
94.842
94.812
94.932
95.538
94.902
94.06
94.726
94.95400000000001
95.102
94.966
94.788
95.38799999999999
95.456
95.74000000000001
95.184
95.72800000000001
95.584
94.80199999999999
94.876
95.392
95.72
95.468
95.544
95.49
95.482
95.44
95.928
95.414
95.982
95.60600000000001
95.928
95.04599999999999
95.136
95.232
96.014
95.76
96.164
99.002
99.654
99.80799999999999
99.848
99.878
99.90599999999999
99.88
99.928
99.94
99.944
99.944
99.956
99.94800000000001
99.958
99.956
99.964
99.94800000000001
99.96000000000001
99.952
99.956
99.94800000000001
99.964
99.958
99.97
99.956
99.964
99.966
99.968
99.964
99.97200000000001
99.97200000000001
99.964
99.96000000000001
99.958
99.966
99.97
99.97200000000001
99.97
99.964
99.97
99.97
99.96199999999999
99.97
99.96199999999999
99.96199999999999
99.968
99.97
99.97
99.97200000000001
99.976
