4.121238069057465
3.4772520985603332
3.058486913204193
2.6147981066703796
2.2071073334217073
1.9318778297901154
1.7228699562549592
1.5590234353542327
1.4236050596237182
1.325778086066246
1.2316584144830705
1.1531786062717437
1.076487309217453
1.020749948978424
0.9624129112958908
0.9079613159894944
0.8560897512435913
0.8084264824986458
0.7653786600828171
0.7235044042468071
0.6944106835722923
0.6408993347287179
0.6231519176363945
0.5846353372335434
0.55211536860466
0.5243288788795472
0.502836813390255
0.47553285831213
0.4464669097661972
0.4362426883280277
0.4138665726482868
0.3917769050300121
0.3778635900914669
0.35790935608744623
0.3373917891681194
0.3322293808162212
0.31162143754959104
0.28702615669369697
0.29412290009856223
0.27995505894720557
0.2636108923256397
0.26480335879325867
0.26131779423356055
0.2570763714462519
0.24240396355092525
0.2380225946456194
0.22555044667422772
0.2323548481464386
0.21077974700927735
0.22258700878918172
0.21228926230967043
0.20846835888177156
0.20347566348314286
0.2059650314897299
0.20423754258453847
0.19311896459758282
0.20287535320222377
0.20808898814022542
0.21068428435921668
0.2121418727338314
0.17468188363313675
0.18218971057236194
0.19857919511199
0.1725744669213891
0.17760312196612357
0.174306627035141
0.1568196459710598
0.17750722133368255
0.2008994429707527
0.18019872418791055
0.17457665753364562
0.16895992851257324
0.17518347439169885
0.18013469555974007
0.16096547308564185
0.15563435250520707
0.15065231297165155
0.16511139979958533
0.15064612157270313
0.1549600311741233
0.17709301206469535
0.1751098840534687
0.16133222468942404
0.15029242136329413
0.15652689136564732
0.15306622318178414
0.1597476697564125
0.15750067391246558
0.16018633863329887
0.14590368718653918
0.15988586297631263
0.1440034093260765
0.15326228508353235
0.14706310570240022
0.17227757227420806
0.16866123781353234
0.16417608477175236
0.14179857571050525
0.1494999598786235
0.13927762043476105
0.049430285450071096
0.02240176568645984
0.017023286615498363
0.013958445815835148
0.011900305897928775
0.011060801869723946
0.010356321347877383
0.009295013010967523
0.008645152077544481
0.008220329412259161
0.008134280723519623
0.007476983804721385
0.007615411681123078
0.006978286205325276
0.0067765401615761224
0.006599647962488234
0.006845214443048462
0.006361191796837374
0.006382930511375889
0.006458971878280863
0.006703522419556975
0.006163612444419414
0.006196365233976394
0.006049543109489605
0.006089994700625539
0.005987370278919116
0.005787975622108206
0.005819998697843403
0.005924360214266926
0.0057693283720873295
0.0058925500032491985
0.005794358716346324
0.005905537222977728
0.005787508854642511
0.0058978918977081775
0.005760715940501541
0.005688968026544899
0.005589232361642644
0.005719490453833714
0.005630960138747468
0.005821905496763065
0.005806552551453933
0.005716323056723922
0.005797473891638219
0.005772411259124055
0.005435567923588678
0.005627532405778766
0.005576129568042234
0.005675860074814409
0.005766579703660682
