4.085647627830506
3.4882340269088745
3.0963213319778444
2.733697681903839
2.3920122463703155
2.1021998953819274
1.8829647896289825
1.7102545487880707
1.581404279947281
1.4618618315458298
1.3636562622785569
1.2795137803554535
1.194807509303093
1.136402711749077
1.067327665925026
1.0135683119297028
0.9556050728559494
0.9105524998903275
0.8649419227838516
0.824181547164917
0.7822778482437134
0.7459192492365837
0.7094114142656326
0.6672636108398438
0.6430202234983444
0.6004153829813004
0.5817490519285202
0.5562657137513161
0.5337709493637085
0.49957117360830305
0.4854280124604702
0.4654669161438942
0.45011216661334036
0.4291798306107521
0.4118137269318104
0.40431537026166914
0.37476014903187754
0.37507545679807663
0.3696748932003975
0.3541878407895565
0.34153472670912743
0.341267607241869
0.32160697084665296
0.30303692688047884
0.31328738486766816
0.2956563242673874
0.292644640609622
0.2855362737476826
0.2857015830129385
0.2774705656468868
0.259604664221406
0.2564475235790014
0.2638334379643202
0.2783379241973162
0.2634155361056328
0.2523959807604551
0.24254718253016472
0.24029727268218995
0.24651160426437854
0.24184634611010553
0.2502329531908035
0.24822461418807507
0.24490770076215268
0.2262228816449642
0.2263613383769989
0.21867337292432784
0.2231269822269678
0.22724756620824338
0.23255870798230172
0.23870465129613877
0.22103128446638584
0.2069067043736577
0.20630183740705252
0.21670878928154708
0.20612559635937214
0.2056004064232111
0.2098225680142641
0.22496427763998508
0.22334690818190575
0.2115106392353773
0.21527906888723372
0.2188690966963768
0.20048222570121288
0.20483421380072833
0.2054099236279726
0.20547664189338685
0.20025095510482788
0.20324014608561994
0.20273090247809886
0.19295674453675746
0.20445356189459563
0.19681641007214784
0.19275820188969373
0.20222008185088636
0.19919305038452148
0.20156247346103193
0.18535818849503993
0.20055558278411628
0.1997631746530533
0.1990005033686757
0.0810526029728353
0.03834956909716129
0.028089373330585657
0.023527983420528472
0.02035997791029513
0.017963877378031613
0.016356084844097497
0.015051627245731652
0.013914963551331311
0.013279065378941595
0.01225504744425416
0.012096288313623518
0.011246727513615043
0.010443885795772075
0.01043616064498201
0.009936222701333463
0.010184502916876228
0.00975001300079748
0.009109293360263108
0.009127751410007478
0.008523196180351078
0.008679296804126352
0.008556311788037419
0.00863546174718067
0.00842254151403904
0.007687859314959496
0.007947087571490557
0.008062091581523418
0.007766965679358691
0.007901660723611712
0.007794938767794519
0.007532259738538414
0.0075789319444447755
0.00734770797402598
0.007807978030759841
0.007564893333707004
0.007560335333924741
0.007933959546033292
0.007619274700060487
0.007367273625917733
0.007638336707837879
0.007672169442288578
0.007633568758144975
0.007371441315161064
0.007471716307569295
0.007449260505381972
0.007373688389081508
0.007469797072932124
0.007293597040232271
0.007335676472168416
