7.42
15.802
23.082
29.822
37.0
43.258
48.106
52.205999999999996
55.28999999999999
58.467999999999996
60.634
62.894000000000005
64.84
66.474
68.306
69.91199999999999
71.346
72.312
73.82
74.754
75.922
76.89
78.066
79.36999999999999
79.948
81.322
81.762
82.512
83.222
84.33800000000001
84.688
85.272
85.824
86.45
87.16199999999999
87.202
88.32799999999999
88.13600000000001
88.41
88.858
89.202
89.19399999999999
89.866
90.448
90.01400000000001
90.766
90.976
91.116
91.118
91.306
92.014
91.986
91.816
91.232
91.824
92.16
92.64
92.62599999999999
92.49199999999999
92.61200000000001
92.284
92.488
92.55
93.174
93.146
93.37
93.22200000000001
92.95
92.97800000000001
92.682
93.296
93.744
93.8
93.42399999999999
93.748
93.908
93.586
93.202
93.08800000000001
93.51
93.426
93.396
94.066
93.998
93.826
93.782
93.974
93.91199999999999
93.782
94.182
93.886
94.24
94.306
93.928
94.15599999999999
93.99
94.494
94.018
94.012
94.138
97.928
99.276
99.514
99.628
99.722
99.754
99.786
99.798
99.85199999999999
99.864
99.874
99.878
99.886
99.91799999999999
99.898
99.898
99.90400000000001
99.91
99.91799999999999
99.914
99.936
99.92
99.932
99.92
99.924
99.944
99.928
99.946
99.95
99.936
99.938
99.95
99.94
99.954
99.938
99.938
99.94800000000001
99.956
99.932
99.95
99.944
99.944
99.942
99.954
99.96000000000001
99.938
99.956
99.936
99.946
99.946
