4.126834653377533
3.567805814266205
3.192452872276306
2.820667794704437
2.4251781661510465
2.1156587743759157
1.883550740480423
1.6915842473506928
1.556566573858261
1.4417529678344727
1.3385183771848679
1.2600404312610627
1.175207028388977
1.1036286821365358
1.0479329285621644
0.9914687794446945
0.9397529002428054
0.8822572233676911
0.8404877160787583
0.7972901639342308
0.7598236497044564
0.7210005782842636
0.6749829965233802
0.6463379684090614
0.6183229175209999
0.5794790821671486
0.551471939265728
0.525128545999527
0.5012553492188454
0.47332709982991217
0.44529172956943514
0.42673531037569046
0.40981970408558843
0.3981700932979584
0.374594418913126
0.3563642815053463
0.33295448902249336
0.3315055902302265
0.31670650231838227
0.29512445375323293
0.28184180696308614
0.28224455189704895
0.2698367855399847
0.25005529215931893
0.2430835175663233
0.23564420790970325
0.24448040950298308
0.2428755533248186
0.23575655628740788
0.22370042072236537
0.21884854766726494
0.21193202935159206
0.21140637987852096
0.20518434877693653
0.20147958332300187
0.21014718428254128
0.1985102127790451
0.20081169378757477
0.19855345723032952
0.19156056259572507
0.19701478427648544
0.18845879690349102
0.19790533198416232
0.18457614781707526
0.18437556760013105
0.16135183462128044
0.16368962149322033
0.20163775761425495
0.18143734351545573
0.16837226535379887
0.1726244866028428
0.16474332839995623
0.15643760438263415
0.18043898418545723
0.1629560351073742
0.17859806543588638
0.17159102533757686
0.1604641506522894
0.1546961131617427
0.16075888758152723
0.15406168349832297
0.16539756935834884
0.15974049063026904
0.1699021830409765
0.15886147182434798
0.1530224617049098
0.16316685783863066
0.152169345125556
0.1665465676560998
0.14829687521606683
0.14307621920853852
0.14845247927308083
0.1687485409602523
0.14550712488591672
0.1414561145082116
0.14481675295531748
0.1646575675904751
0.1607334930226207
0.15968605613708495
0.13871782083809375
0.04849739549588412
0.020938441411126406
0.01531843349803239
0.0130927868145518
0.011788988477084785
0.010060999606736004
0.009247585862409324
0.00871470626583323
0.008089320113882423
0.007928707018028945
0.007750028659589589
0.007077200395520776
0.00724577055638656
0.00674722597701475
0.006761352634523064
0.00629612034605816
0.006133474102709442
0.006180143528850749
0.0061905367923900485
0.006613373065833003
0.0060488984896801415
0.006012664034962654
0.005711144517175853
0.005862077637575566
0.005666587186977267
0.005426032929914072
0.005542600105749443
0.00560743008297868
0.005501414974685758
0.005567584834992886
0.005443164822412655
0.005318814099533484
0.005310104104457423
0.0054748188781086355
0.005652100905776024
0.0054727435703389345
0.005395667827688157
0.005399609886575491
0.005528869944391772
0.0054677129390183835
0.005396115833427757
0.005374398374930024
0.005455603433772922
0.005383668815018609
0.005572792833438143
0.005391913474071771
0.005307555184699595
0.005649269359651953
0.0054533015182241795
0.005251728724688292
