7.0360000000000005
14.454
21.215999999999998
28.139999999999997
36.05
42.46
47.838
52.42400000000001
55.833999999999996
58.388
61.385999999999996
63.507999999999996
65.404
67.14
68.672
70.322
71.746
73.22800000000001
74.55199999999999
75.626
76.762
77.7
79.208
79.964
80.694
81.99
82.608
83.45
84.116
85.20400000000001
85.878
86.58200000000001
86.92800000000001
87.402
88.124
88.856
89.518
89.606
89.964
90.754
91.166
91.23400000000001
91.73599999999999
92.296
92.486
92.804
92.444
92.47999999999999
92.806
93.294
93.472
93.604
93.688
93.84400000000001
93.964
93.622
94.15599999999999
93.946
94.124
94.28800000000001
94.136
94.48
94.214
94.592
94.568
95.298
95.17
94.012
94.708
95.114
94.994
95.214
95.556
94.742
95.24000000000001
94.848
95.086
95.342
95.574
95.396
95.53
95.27799999999999
95.38600000000001
95.068
95.45
95.6
95.382
95.678
95.096
95.814
95.976
95.86200000000001
95.126
95.814
96.086
95.904
95.26
95.466
95.326
96.13000000000001
98.898
99.696
99.836
99.868
99.866
99.926
99.926
99.932
99.936
99.94
99.944
99.942
99.938
99.95
99.942
99.954
99.96199999999999
99.958
99.95
99.932
99.954
99.946
99.954
99.958
99.96000000000001
99.964
99.956
99.968
99.96199999999999
99.964
99.976
99.964
99.97399999999999
99.966
99.964
99.956
99.968
99.97200000000001
99.96199999999999
99.96000000000001
99.966
99.966
99.966
99.96199999999999
99.964
99.968
99.968
99.966
99.97
99.964
