4.10442745350206
3.5302217189613208
3.182990502823344
2.860753145364239
2.533611578709634
2.2356771721559414
2.0047642437698285
1.812731019981072
1.657364783384611
1.5293730421139455
1.4136492318814369
1.3262045189852605
1.2330920609366862
1.1546461867249531
1.098198366744439
1.023402640124416
0.9678721938596662
0.9120698466020472
0.8715027974694586
0.8229094812327333
0.7752643094953063
0.7323279402140156
0.7113568372738636
0.657475870055006
0.6280465816597804
0.5856532468972608
0.5608977158661084
0.5250618998199472
0.5000642323128098
0.472872248657829
0.45324518133307357
0.4292857498692734
0.4254381631874977
0.39158064721490415
0.37943645732482073
0.3581660465739877
0.3417418980613694
0.32888117726044275
0.3156934710186156
0.3077413989683551
0.28907931285441074
0.274489690351974
0.27489330103177856
0.25613297470619
0.2596083368029436
0.24382405061169962
0.23769343716790303
0.23119570694082534
0.22072724508278815
0.22863569482208213
0.22342418479111492
0.21033512898113416
0.2000500459385955
0.19528776877905096
0.2145200218538494
0.19953777160867095
0.19487699757680257
0.1917303373365451
0.19108168973261133
0.17925734067207102
0.1929678639868641
0.16841658283872982
0.18012488164636484
0.18123266823075312
0.18063070283978797
0.1765757051041669
0.17643212566099814
0.17350381601344594
0.15980539377540579
0.1814256151923743
0.197271199463426
0.17443317663677207
0.18294891137677385
0.16636780111114388
0.17121143275133485
0.17091711879233876
0.1638904538320001
0.1862048722346268
0.1818462098041154
0.1767073335016475
0.17047801135522325
0.16677793574607586
0.16260575999498672
0.1581230518286643
0.162164519081259
0.17606360226145487
0.16514346047359355
0.16181150736177669
0.16315895802034136
0.16190763495271773
0.1548065988494612
0.15880619147625727
0.150891708414954
0.15114886837694652
0.17138589237390273
0.15991501838845365
0.1471810772481477
0.1442972702043288
0.16006093985303435
0.144479264612393
0.05840437537978601
0.02652105663562446
0.020727516773640348
0.016446160676572327
0.014252807394794339
0.013394176675949979
0.012487719935315002
0.011408485974187551
0.010385140216887911
0.009833558267244445
0.009095294585646799
0.009179281481706044
0.008832267401001567
0.008710570899588639
0.008462290257534675
0.007803890731452447
0.007640265099837652
0.006980568583806991
0.0071945958151517775
0.007352047895803056
0.007449665701116824
0.0070869140776560246
0.006962839717669484
0.006599589975674629
0.006757889073961378
0.006444433369361759
0.006456297437619904
0.0063574863425062975
0.006183480419328108
0.006531694717586155
0.006145036226743475
0.006684886048371663
0.006139000077717616
0.006208709992832788
0.0067224996319264554
0.006262075537672776
0.006413087641815547
0.006154876908577998
0.006235933622054737
0.006324881460884457
0.005950671076700758
0.005962703910851589
0.006256019587919135
0.0060035800156386
0.0061333196468727515
0.006276035408639466
0.006237185023941785
0.005902772978343584
0.005845098479060204
0.00610149395354378
