7.5600000000000005
15.573999999999998
21.782
27.839999999999996
34.054
40.162
45.442
49.864000000000004
53.398
56.67
59.46399999999999
61.62
64.128
66.11
67.622
69.498
71.104
72.49
73.482
75.006
76.346
77.452
77.744
79.484
80.24799999999999
81.584
82.56400000000001
83.48400000000001
83.99
84.904
85.46000000000001
86.342
86.458
87.554
87.94
88.53
89.09
89.39399999999999
89.86800000000001
90.242
90.702
91.326
91.134
91.86800000000001
91.716
92.38199999999999
92.5
92.782
93.07
92.816
93.092
93.432
93.824
93.914
93.326
93.786
94.038
94.086
94.04599999999999
94.544
94.14
94.916
94.556
94.368
94.462
94.56400000000001
94.612
94.75200000000001
95.322
94.53
94.05
94.88799999999999
94.474
95.012
94.856
94.754
95.07600000000001
94.32199999999999
94.516
94.638
94.952
94.964
95.19
95.212
95.216
94.674
95.09
95.234
95.14399999999999
95.25
95.492
95.238
95.552
95.464
94.978
95.37
95.72800000000001
95.756
95.284
95.76400000000001
98.554
99.512
99.64
99.756
99.80799999999999
99.80799999999999
99.83
99.85000000000001
99.872
99.892
99.91799999999999
99.9
99.912
99.90599999999999
99.898
99.922
99.932
99.932
99.934
99.922
99.926
99.926
99.94800000000001
99.946
99.936
99.934
99.936
99.954
99.952
99.938
99.94800000000001
99.91600000000001
99.958
99.942
99.94
99.958
99.944
99.95
99.936
99.94
99.958
99.954
99.944
99.94800000000001
99.956
99.956
99.958
99.97
99.968
99.95
