7.224
15.058
22.919999999999998
31.697999999999997
38.81
44.426
48.606
52.20399999999999
55.47800000000001
58.096000000000004
60.333999999999996
62.370000000000005
64.268
65.726
67.572
68.85
70.334
71.306
72.648
73.944
74.82600000000001
76.0
76.89
77.89399999999999
78.886
79.74799999999999
80.08
81.208
82.004
82.474
83.474
84.014
84.53399999999999
85.32600000000001
86.37
86.138
87.22999999999999
87.248
87.694
88.69200000000001
88.878
89.442
89.468
89.94
90.444
90.678
91.46
91.07600000000001
91.35
91.47999999999999
91.96
92.22
92.578
92.542
92.646
92.61399999999999
92.886
93.304
92.962
93.452
93.25
93.53200000000001
93.946
94.03399999999999
93.974
93.872
94.028
93.984
94.374
94.61
94.01
94.32000000000001
94.226
94.394
94.504
94.982
94.994
94.952
94.692
94.59
94.788
94.952
94.636
95.148
94.772
94.636
94.676
94.80199999999999
94.74000000000001
94.804
94.606
94.894
94.67999999999999
95.334
95.334
95.274
95.208
95.478
95.72
95.486
98.55000000000001
99.46000000000001
99.616
99.71
99.768
99.778
99.836
99.836
99.85000000000001
99.88
99.87
99.878
99.896
99.91
99.886
99.896
99.902
99.91
99.942
99.936
99.942
99.938
99.94
99.94
99.938
99.95
99.94
99.95
99.95
99.958
99.936
99.942
99.942
99.944
99.94800000000001
99.958
99.922
99.95
99.954
99.94800000000001
99.94800000000001
99.94800000000001
99.936
99.954
99.954
99.956
99.95
99.934
99.94
99.96000000000001
