4.069440768502862
3.52278504896042
3.0840088284533955
2.6267055806601443
2.2757839510203017
2.02606786303508
1.8383946812061398
1.6931520395571618
1.5707035485435934
1.4671503165188957
1.378859367974274
1.30146254953521
1.2316484250071105
1.166360717600264
1.1027505271270146
1.0548366184734628
0.9940650964636937
0.9650080182668194
0.9161981729900136
0.8698815614975932
0.8366298219736885
0.7923591181140421
0.7616827478799064
0.7320092690875158
0.6938229994395809
0.6651498940594666
0.6442693157878983
0.6125945497656722
0.5860646509605906
0.5646912281013206
0.5366756991504709
0.5147135164731603
0.5031097904038246
0.47296245369459966
0.4437078882361312
0.4445755460378154
0.4101295303124601
0.4109347239327248
0.39605306329019846
0.3675713379441015
0.36155016544987173
0.3416215317785892
0.33718438461765915
0.32594917085774416
0.30937862426728546
0.3040103170344287
0.27655655879270086
0.28514545668116614
0.2838410194534475
0.2761101817040492
0.257450171901137
0.2554035278804162
0.24470254853177253
0.2406768875620554
0.24272649763795115
0.24704495110475194
0.23039338573851548
0.2176225236843309
0.23015419954000532
0.21675333791338575
0.22278583387051093
0.2184998695845799
0.2054311267726714
0.19938501041106252
0.2019902139216128
0.20136673384539003
0.196802980702399
0.19867448920331648
0.1894142955655942
0.18562776496267075
0.20188038465578842
0.19035792576573085
0.19066965519009954
0.19359705532374588
0.1863728214217269
0.17439339178449967
0.17383544579567506
0.17483684161435004
0.18194490408196168
0.18363986690254772
0.18148209340394
0.1738129160212129
0.18376024419922962
0.16520406134293208
0.18211467083915114
0.18225126227606897
0.18158084388507906
0.17852102584012633
0.1785923951422162
0.17638044369876232
0.18337344126704405
0.17459028952604974
0.17952033608694515
0.1626079621750985
0.16235925279119434
0.16606228759564706
0.16436986940558
0.160716893327663
0.1505968176838382
0.15841032002511843
0.06215620621600572
0.030065002181874516
0.024154127088358717
0.020820560329176886
0.017517200998647516
0.01651274247090225
0.014724007968450218
0.014219536430552564
0.013283694276105032
0.01261239812192519
0.012094986874519674
0.011571610782324049
0.011060192941657037
0.010778023983420962
0.010409031916038154
0.01027551049585728
0.009808699004923748
0.009580319847368523
0.00891351196116975
0.009034118361418585
0.009083235114122101
0.009044491223243
0.008717223486798766
0.008431112057293582
0.008635472751620328
0.008099633438126815
0.00814216729501248
0.007910103187003099
0.007952861764761227
0.007963258366974648
0.008272069415239535
0.008155577886335152
0.008245434615013125
0.0077616462312505375
0.007874525723207142
0.007890832660448216
0.008556687887615103
0.007762702714289775
0.007818848950445385
0.0077299223319553505
0.0077518376633715445
0.007915310522355615
0.007831210395573732
0.007599371720029189
0.007537226317107411
0.007431247715226105
0.007735712672262202
0.00788245848713495
0.008063260913061936
0.007658237747995711
