7.158
14.654
20.733999999999998
27.544
34.666000000000004
41.658
46.932
51.602000000000004
54.922000000000004
58.044
60.658
62.638000000000005
65.238
67.206
68.882
70.75
71.78999999999999
73.184
74.566
75.83800000000001
77.042
78.376
78.946
80.108
81.228
82.024
82.808
83.56400000000001
84.348
85.09
85.954
86.534
87.29599999999999
87.83999999999999
88.354
88.832
89.544
89.618
89.988
90.81
91.026
91.758
91.78399999999999
92.428
92.348
92.704
92.876
93.38
93.716
93.652
93.65599999999999
94.148
94.04
94.488
94.672
94.87
94.43599999999999
94.478
94.706
95.234
95.098
94.89999999999999
95.22
94.862
94.8
94.82199999999999
95.15400000000001
95.76
95.41199999999999
95.206
95.33
95.48
95.96000000000001
95.43
95.314
95.594
95.27
95.26599999999999
95.592
95.574
95.37
95.848
95.828
95.338
95.836
96.104
95.852
95.842
95.478
96.00999999999999
96.28999999999999
96.27799999999999
96.066
95.842
95.788
96.016
96.19
95.986
96.364
96.17999999999999
98.75
99.642
99.734
99.82600000000001
99.86
99.888
99.898
99.92
99.89
99.908
99.94800000000001
99.92999999999999
99.92
99.944
99.932
99.936
99.94800000000001
99.952
99.94
99.95
99.936
99.956
99.954
99.94800000000001
99.938
99.958
99.956
99.96199999999999
99.96000000000001
99.964
99.968
99.954
99.966
99.96199999999999
99.96000000000001
99.956
99.96000000000001
99.952
99.946
99.94800000000001
99.966
99.96199999999999
99.964
99.964
99.968
99.958
99.968
99.97
99.966
99.96199999999999
