4.1262636001762525
3.570386453662687
3.2093257574778993
2.8591761979300654
2.4825177799405345
2.161568539221878
1.922767784894275
1.7326082430227334
1.5902358811834585
1.4671745071630649
1.3611068222528833
1.2808366344712885
1.1885356151539346
1.119136567920675
1.0471377932202175
0.9829781032584207
0.9295195585016705
0.8850103607567985
0.8318869311486363
0.790006909071637
0.7476211831240398
0.6997829188623697
0.6766612153986226
0.6380771349763017
0.6003103078631185
0.5766799638185964
0.5485368768882264
0.5211148986121272
0.49586134318195646
0.4675443247151192
0.44185131723466126
0.42210387646237296
0.40488673517923524
0.3852455874385736
0.36651940190273785
0.35182931779138266
0.3340561136489024
0.33046814890773707
0.31403804698106275
0.294739955069159
0.2862678864194304
0.2654317568253983
0.26263618743633066
0.24561395454208565
0.2465419572828066
0.2368622152015681
0.23024749877812611
0.2184827148800006
0.20817355188491093
0.21017246983011664
0.20762567538434587
0.19774284848319296
0.19616662520353143
0.18997285143493692
0.1810704164416589
0.17316038489265514
0.1843363216046787
0.1878581935792323
0.17972692582384706
0.16578752985771963
0.1695060995419312
0.17376555795864682
0.16324726924719407
0.17517153690080814
0.17548077984158036
0.1770655962702868
0.16547941064933683
0.15102437385322187
0.1602421750593216
0.16758098600008298
0.16088516614816684
0.15646945507934942
0.14428695498982355
0.15785844584026604
0.1637017739188793
0.1520798732347958
0.16556487993701643
0.16526327103071506
0.15587599521212261
0.15524121067103216
0.16202448857257434
0.14881173572729312
0.1501735166344039
0.16113162343688023
0.14743197769345834
0.14012786193424479
0.1471436548111079
0.14906680066605357
0.16025139289476986
0.1420558720846158
0.1320650472265223
0.13413977384795922
0.14234998486840816
0.14869279551612752
0.14852564653281666
0.1426300162644795
0.13859308241387766
0.1453700574672283
0.13404401007782468
0.13642942580534978
0.05527634721944857
0.02585053012070372
0.019689024365304605
0.016014594331031185
0.01464463895558358
0.01312366887793669
0.011880148317702972
0.010877503721696108
0.010999084227596935
0.010063437165578117
0.009489555787795301
0.00941287123960207
0.009095329922907378
0.00868813015396714
0.00852804419898983
0.008434600748188432
0.008137196890743034
0.007891029100436384
0.007655593154527952
0.00761240990856267
0.007573564591057732
0.007503954590062427
0.007319681037960531
0.007162419683716791
0.007370212872195846
0.006851202395061017
0.007020624280047348
0.006707835496496171
0.00683831138586354
0.006763625324017766
0.007013528579798386
0.0069195668849036515
0.006616289321276004
0.00669845030285761
0.006596133648834723
0.006961297509415299
0.006672033533344374
0.006831527101662
0.006997823974241495
0.006836011475237929
0.006693934177970299
0.0065575630202784636
0.00678192441651831
0.006496561917445391
0.006714915647707365
0.006793456694559025
0.0067751917450943645
0.006763744966515228
0.006624955646431697
0.006490766489401917
